0.133333, 0.503704
0.2, 0.57931
0.266667, 0.6
0.333333, 0.533333
0.4, 0.593548
0.466667, 0.6
0.533333, 0.564706
0.6, 0.617143
0.666667, 0.555556
0.733333, 0.631579
0.8, 0.631579
0.866667, 0.632558
0.933333, 0.66
1, 0.635294
1.06667, 0.636364
1.13333, 0.62439
1.2, 0.581818
1.26667, 0.589474
1.33333, 0.780952
1.4, 0.451282
1.46667, 0.44878
1.53333, 0.62
1.6, 0.586667
1.66667, 0.533333
1.73333, 0.688372
1.8, 0.418182
1.86667, 0.53913
1.93333, 0.64
2, 0.583333
2.06667, 0.633333
2.13333, 0.56
2.2, 0.568889
2.26667, 0.515556
2.33333, 0.612766
2.4, 0.587755
2.46667, 0.611765
2.53333, 0.611765
2.6, 0.517647
2.66667, 0.596078
2.73333, 0.611765
2.8, 0.627451
2.86667, 0.705882
2.93333, 0.596078
3, 0.752941
3.06667, 0.611765
3.13333, 0.580392
3.2, 0.67451
3.26667, 0.470588
3.33333, 0.580392
3.4, 0.48
3.46667, 0.657778
3.53333, 0.721311
3.6, 0.721311
3.66667, 0.577049
3.73333, 0.655738
3.8, 0.655738
3.86667, 0.616393
3.93333, 0.537705
4, 0.655738
4.06667, 0.616393
4.13333, 0.593103
4.2, 0.533333
4.26667, 0.701754
4.33333, 0.645614
4.4, 0.645614
4.46667, 0.519298
4.53333, 0.645614
4.6, 0.547368
4.66667, 0.771429
4.73333, 0.651852
4.8, 0.548148
4.86667, 0.459259
4.93333, 0.548148
5, 0.503704
5.06667, 0.577778
5.13333, 0.651852
5.2, 0.459259
5.26667, 0.711111
5.33333, 0.755556
5.4, 0.77037
5.46667, 0.656
5.53333, 0.64
5.6, 0.577778
5.66667, 0.696296
5.73333, 0.69434
5.8, 0.676923
5.86667, 0.658824
5.93333, 0.517647
6, 0.592
6.06667, 0.606061
6.13333, 0.603077
6.2, 0.48
6.26667, 0.5625
6.33333, 0.8
6.4, 0.761905
6.46667, 0.72381
6.53333, 0.563934
6.6, 0.642623
6.66667, 0.432787
6.73333, 0.583051
6.8, 0.427586
6.86667, 0.62069
6.93333, 0.505263
7, 0.463158
7.06667, 0.519298
7.13333, 0.552727
7.2, 0.450909
7.26667, 0.363636
7.33333, 0.334545
7.4, 0.48
7.46667, 0.421818
7.53333, 0.421818
7.6, 0.392727
7.66667, 0.261818
7.73333, 0.276364
7.8, 0.276364
7.86667, 0.218182
7.93333, 0.290909
8, 0.8
8.06667, 0.349091
8.13333, 0.450909
8.2, 0.518519
8.26667, 0.422642
8.33333, 0.392453
8.4, 0.377358
8.46667, 0.241509
8.53333, 0.25098
8.6, 0.329412
8.66667, 0.359184
8.73333, 0.611111
8.8, 0.666667
8.86667, 0.566667
8.93333, 0.566667
9, 0.622222
9.06667, 0.555556
9.13333, 0.522222
9.2, 0.511111
9.26667, 0.5
9.33333, 0.466667
9.4, 0.450704
9.46667, 0.457143
9.53333, 0.468571
9.6, 0.56
9.66667, 0.777143
9.73333, 0.614493
9.8, 0.602899
9.86667, 0.463768
9.93333, 0.556522
10, 0.533333
10.0667, 0.705882
10.1333, 0.517647
10.2, 0.477612
10.2667, 0.453731
10.3333, 0.545455
10.4, 0.460606
10.4667, 0.690909
10.5333, 0.603077
10.6, 0.393846
10.6667, 0.516923
10.7333, 0.418462
10.8, 0.406154
10.8667, 0.467692
10.9333, 0.492308
11, 0.603077
11.0667, 0.455385
11.1333, 0.475
11.2, 0.55
11.2667, 0.406349
11.3333, 0.787097
11.4, 0.613333
11.4667, 0.610169
11.5333, 0.447458
11.6, 0.433898
11.6667, 0.474576
11.7333, 0.461017
11.8, 0.474576
11.8667, 0.488136
11.9333, 0.482759
12, 0.482759
12.0667, 0.496552
12.1333, 0.392982
12.2, 0.378947
12.2667, 0.491228
12.3333, 0.442857
12.4, 0.428571
12.4667, 0.414286
12.5333, 0.271429
12.6, 0.314286
12.6667, 0.442857
12.7333, 0.385714
12.8, 0.285714
12.8667, 0.214286
12.9333, 0.314286
13, 0.8
13.0667, 0.628571
13.1333, 0.571429
13.2, 0.485714
13.2667, 0.328571
13.3333, 0.385714
13.4, 0.371429
13.4667, 0.328571
13.5333, 0.4
13.6, 0.457143
13.6667, 0.357143
13.7333, 0.471429
13.8, 0.428571
13.8667, 0.414286
13.9333, 0.314286
14, 0.342857
14.0667, 0.428571
14.1333, 0.342857
14.2, 0.371429
14.2667, 0.328571
14.3333, 0.357143
14.4, 0.3
14.4667, 0.371429
14.5333, 0.385714
14.6, 0.428571
14.6667, 0.757143
14.7333, 0.614286
14.8, 0.6
14.8667, 0.542857
14.9333, 0.528571
15, 0.242857
15.0667, 0.428571
15.1333, 0.471429
15.2, 0.285714
15.2667, 0.428571
15.3333, 0.271429
15.4, 0.471429
15.4667, 0.471429
15.5333, 0.357143
15.6, 0.471429
15.6667, 0.385714
15.7333, 0.314286
15.8, 0.3
15.8667, 0.357143
15.9333, 0.314286
16, 0.414286
16.0667, 0.371429
16.1333, 0.385714
16.2, 0.285714
16.2667, 0.242857
16.3333, 0.8
16.4, 0.628571
16.4667, 0.585714
16.5333, 0.557143
16.6, 0.442857
16.6667, 0.228571
16.7333, 0.714286
16.8, 0.242857
16.8667, 0.457143
16.9333, 0.228571
17, 0.414286
17.0667, 0.371429
17.1333, 0.414286
17.2, 0.371429
17.2667, 0.328571
17.3333, 0.285714
17.4, 0.242857
17.4667, 0.4
17.5333, 0.285714
17.6, 0.342857
17.6667, 0.242857
17.7333, 0.228571
17.8, 0.214286
17.8667, 0.228571
17.9333, 0.128571
18, 0.771429
18.0667, 0.428571
18.1333, 0.314286
18.2, 0.5
18.2667, 0.385714
18.3333, 0.392727
18.4, 0.450909
18.4667, 0.290909
18.5333, 0.363636
18.6, 0.290909
18.6667, 0.334545
18.7333, 0.436364
18.8, 0.305455
18.8667, 0.392727
18.9333, 0.305455
19, 0.16
19.0667, 0.305455
19.1333, 0.232727
19.2, 0.174545
19.2667, 0.189091
19.3333, 0.349091
19.4, 0.203636
19.4667, 0.305455
19.5333, 0.145455
19.6, 0.130909
19.6667, 0.770909
19.7333, 0.538182
19.8, 0.494545
19.8667, 0.567273
19.9333, 0.444444
20, 0.296296
20.0667, 0.444444
20.1333, 0.385185
20.2, 0.296296
20.2667, 0.355556
20.3333, 0.385185
20.4, 0.503704
20.4667, 0.355556
20.5333, 0.355556
20.6, 0.340741
20.6667, 0.266667
20.7333, 0.266667
20.8, 0.237037
20.8667, 0.296296
20.9333, 0.311111
21, 0.177778
21.0667, 0.266667
21.1333, 0.162963
21.2, 0.177778
21.2667, 0.222222
21.3333, 0.785185
21.4, 0.459259
21.4667, 0.474074
21.5333, 0.474074
21.6, 0.325926
21.6667, 0.385185
21.7333, 0.281481
21.8, 0.37037
21.8667, 0.222222
21.9333, 0.325926
22, 0.385185
22.0667, 0.414815
22.1333, 0.266667
22.2, 0.207407
22.2667, 0.266667
22.3333, 0.325926
22.4, 0.251852
22.4667, 0.311111
22.5333, 0.237037
22.6, 0.340741
22.6667, 0.266667
22.7333, 0.311111
22.8, 0.162963
22.8667, 0.192593
22.9333, 0.162963
23, 0.755556
23.0667, 0.474074
23.1333, 0.562963
23.2, 0.4
23.2667, 0.355556
23.3333, 0.355556
23.4, 0.37037
23.4667, 0.266667
23.5333, 0.296296
23.6, 0.503704
23.6667, 0.281481
23.7333, 0.533333
23.8, 0.325926
23.8667, 0.266667
23.9333, 0.222222
24, 0.311111
24.0667, 0.148148
24.1333, 0.251852
24.2, 0.325926
24.2667, 0.281481
24.3333, 0.222222
24.4, 0.37037
24.4667, 0.311111
24.5333, 0.207407
24.6, 0.266667
24.6667, 0.785185
24.7333, 0.577778
24.8, 0.474074
24.8667, 0.37037
24.9333, 0.385185
25, 0.42963
25.0667, 0.340741
25.1333, 0.325926
25.2, 0.488889
25.2667, 0.355556
25.3333, 0.385185
25.4, 0.488889
25.4667, 0.340741
25.5333, 0.340741
25.6, 0.325926
25.6667, 0.281481
25.7333, 0.37037
25.8, 0.4
25.8667, 0.355556
25.9333, 0.325926
26, 0.474074
26.0667, 0.385185
26.1333, 0.37037
26.2, 0.42963
26.2667, 0.4
26.3333, 0.785185
26.4, 0.503704
26.4667, 0.562963
26.5333, 0.548148
26.6, 0.42963
26.6667, 0.637037
26.7333, 0.637037
26.8, 0.474074
26.8667, 0.385185
26.9333, 0.407547
27, 0.362264
27.0667, 0.467925
27.1333, 0.407547
27.2, 0.407547
27.2667, 0.543396
27.3333, 0.467925
27.4, 0.362264
27.4667, 0.392453
27.5333, 0.392453
27.6, 0.316981
27.6667, 0.332075
27.7333, 0.332075
27.8, 0.241509
27.8667, 0.286792
27.9333, 0.301887
28, 0.8
28.0667, 0.615385
28.1333, 0.54902
28.2, 0.564706
28.2667, 0.407843
28.3333, 0.392157
28.4, 0.439216
28.4667, 0.470588
28.5333, 0.439216
28.6, 0.533333
28.6667, 0.392157
28.7333, 0.407843
28.8, 0.360784
28.8667, 0.376471
28.9333, 0.423529
29, 0.501961
29.0667, 0.376471
29.1333, 0.407843
29.2, 0.439216
29.2667, 0.423529
29.3333, 0.470588
29.4, 0.360784
29.4667, 0.360784
29.5333, 0.282353
29.6, 0.407843
29.6667, 0.8
29.7333, 0.580392
29.8, 0.596078
29.8667, 0.54902
29.9333, 0.501961
30, 0.54902
30.0667, 0.282353
30.1333, 0.313726
30.2, 0.345098
30.2667, 0.266667
30.3333, 0.256
30.4, 0.437333
30.4667, 0.405333
30.5333, 0.309333
30.6, 0.426667
30.6667, 0.378378
30.7333, 0.421622
30.8, 0.335135
30.8667, 0.244444
30.9333, 0.344444
31, 0.377778
31.0667, 0.333333
31.1333, 0.377778
31.2, 0.355556
31.2667, 0.4
31.3333, 0.788889
31.4, 0.555556
31.4667, 0.388889
31.5333, 0.611111
31.6, 0.477778
31.6667, 0.444444
31.7333, 0.355556
31.8, 0.422222
31.8667, 0.422222
31.9333, 0.344444
32, 0.4
32.0667, 0.633333
32.1333, 0.377778
32.2, 0.444444
32.2667, 0.433333
32.3333, 0.466667
32.4, 0.5
32.4667, 0.433333
32.5333, 0.422222
32.6, 0.533333
32.6667, 0.411111
32.7333, 0.477778
32.8, 0.411111
32.8667, 0.4
32.9333, 0.333333
33, 0.8
33.0667, 0.577778
33.1333, 0.555556
33.2, 0.466667
33.2667, 0.5
33.3333, 0.333333
33.4, 0.588889
33.4667, 0.466667
33.5333, 0.433333
33.6, 0.377778
33.6667, 0.433333
33.7333, 0.488889
33.8, 0.433333
33.8667, 0.388889
33.9333, 0.377778
34, 0.355556
34.0667, 0.277778
34.1333, 0.277778
34.2, 0.344444
34.2667, 0.311111
34.3333, 0.366667
34.4, 0.344444
34.4667, 0.233333
34.5333, 0.266667
34.6, 0.344444
34.6667, 0.8
34.7333, 0.633333
34.8, 0.522222
34.8667, 0.433333
34.9333, 0.466667
35, 0.5
35.0667, 0.411111
35.1333, 0.322222
35.2, 0.277778
35.2667, 0.333333
35.3333, 0.244444
35.4, 0.333333
35.4667, 0.4
35.5333, 0.333333
35.6, 0.366667
35.6667, 0.266667
35.7333, 0.377778
35.8, 0.411111
35.8667, 0.311111
35.9333, 0.444444
36, 0.333333
36.0667, 0.322222
36.1333, 0.244444
36.2, 0.177778
36.2667, 0.3
36.3333, 0.777778
36.4, 0.433333
36.4667, 0.488889
36.5333, 0.544444
36.6, 0.411111
36.6667, 0.388889
36.7333, 0.466667
36.8, 0.333333
36.8667, 0.333333
36.9333, 0.488889
37, 0.4
37.0667, 0.577778
37.1333, 0.444444
37.2, 0.511111
37.2667, 0.366667
37.3333, 0.477778
37.4, 0.455556
37.4667, 0.466667
37.5333, 0.466667
37.6, 0.360563
37.6667, 0.360563
37.7333, 0.416901
37.8, 0.371831
37.8667, 0.608451
37.9333, 0.495775
38, 0.8
38.0667, 0.651429
38.1333, 0.617143
38.2, 0.548571
38.2667, 0.605714
38.3333, 0.571429
38.4, 0.548571
38.4667, 0.594286
38.5333, 0.548571
38.6, 0.365714
38.6667, 0.457143
38.7333, 0.514286
38.8, 0.491429
38.8667, 0.502857
38.9333, 0.434286
39, 0.457143
39.0667, 0.457143
39.1333, 0.457143
39.2, 0.434286
39.2667, 0.411429
39.3333, 0.388571
39.4, 0.445714
39.4667, 0.457143
39.5333, 0.457143
39.6, 0.274286
39.6667, 0.788571
39.7333, 0.64
39.8, 0.548571
39.8667, 0.502857
39.9333, 0.354286
40, 0.388571
40.0667, 0.422857
40.1333, 0.445714
40.2, 0.377143
40.2667, 0.297143
40.3333, 0.285714
40.4, 0.342857
40.4667, 0.308571
40.5333, 0.262857
40.6, 0.4
40.6667, 0.262857
40.7333, 0.32
40.8, 0.308571
40.8667, 0.342857
40.9333, 0.24
41, 0.285714
41.0667, 0.228571
41.1333, 0.217143
41.2, 0.251429
41.2667, 0.228571
41.3333, 0.8
41.4, 0.388571
41.4667, 0.377143
41.5333, 0.274286
41.6, 0.377143
41.6667, 0.297143
41.7333, 0.24
41.8, 0.182857
41.8667, 0.411429
41.9333, 0.205714
42, 0.228571
42.0667, 0.331429
42.1333, 0.32
42.2, 0.422857
42.2667, 0.308571
42.3333, 0.411429
42.4, 0.388571
42.4667, 0.411429
42.5333, 0.342857
42.6, 0.32
42.6667, 0.297143
42.7333, 0.32
42.8, 0.251429
42.8667, 0.217143
42.9333, 0.171429
43, 0.788571
43.0667, 0.4
43.1333, 0.365714
43.2, 0.274286
43.2667, 0.354286
43.3333, 0.262857
43.4, 0.274286
43.4667, 0.411429
43.5333, 0.388571
43.6, 0.32
43.6667, 0.297143
43.7333, 0.388571
43.8, 0.377143
43.8667, 0.342857
43.9333, 0.354286
44, 0.342857
44.0667, 0.308571
44.1333, 0.285714
44.2, 0.331429
44.2667, 0.308571
44.3333, 0.262857
44.4, 0.285714
44.4667, 0.285714
44.5333, 0.377143
44.6, 0.331429
44.6667, 0.8
44.7333, 0.605714
44.8, 0.525714
44.8667, 0.48
44.9333, 0.491429
45, 0.491429
45.0667, 0.468571
45.1333, 0.422857
45.2, 0.388571
45.2667, 0.4
45.3333, 0.308571
45.4, 0.4
45.4667, 0.342857
45.5333, 0.411429
45.6, 0.228571
45.6667, 0.411429
45.7333, 0.297143
45.8, 0.262857
45.8667, 0.32
45.9333, 0.308571
46, 0.342857
46.0667, 0.342857
46.1333, 0.457143
46.2, 0.205714
46.2667, 0.388571
46.3333, 0.788571
46.4, 0.571429
46.4667, 0.434286
46.5333, 0.525714
46.6, 0.388571
46.6667, 0.48
46.7333, 0.491429
46.8, 0.468571
46.8667, 0.445714
46.9333, 0.331429
47, 0.354286
47.0667, 0.331429
47.1333, 0.342857
47.2, 0.354286
47.2667, 0.422857
47.3333, 0.342857
47.4, 0.285714
47.4667, 0.502857
47.5333, 0.365714
47.6, 0.411429
47.6667, 0.457143
47.7333, 0.365714
47.8, 0.4
47.8667, 0.388571
47.9333, 0.308571
48, 0.777143
48.0667, 0.697143
48.1333, 0.434286
48.2, 0.457143
48.2667, 0.422857
48.3333, 0.434286
48.4, 0.331429
48.4667, 0.377143
48.5333, 0.285714
48.6, 0.251429
48.6667, 0.354286
48.7333, 0.411429
48.8, 0.32
48.8667, 0.308571
48.9333, 0.24
49, 0.251429
49.0667, 0.251429
49.1333, 0.354286
49.2, 0.331429
49.2667, 0.24
49.3333, 0.274286
49.4, 0.16
49.4667, 0.217143
49.5333, 0.262857
49.6, 0.125714
49.6667, 0.777143
49.7333, 0.434286
49.8, 0.388571
49.8667, 0.434286
49.9333, 0.354286
50, 0.354286
50.0667, 0.605714
50.1333, 0.274286
50.2, 0.297143
50.2667, 0.331429
50.3333, 0.262857
50.4, 0.354286
50.4667, 0.365714
50.5333, 0.377143
50.6, 0.297143
50.6667, 0.331429
50.7333, 0.285714
50.8, 0.32
50.8667, 0.278261
50.9333, 0.266667
51, 0.324638
51.0667, 0.301449
51.1333, 0.382609
51.2, 0.336232
51.2667, 0.278261
51.3333, 0.788406
51.4, 0.591304
51.4667, 0.475362
51.5333, 0.35942
51.6, 0.324638
51.6667, 0.510145
51.7333, 0.35942
51.8, 0.289855
51.8667, 0.347826
51.9333, 0.313043
52, 0.173913
52.0667, 0.266667
52.1333, 0.336232
52.2, 0.255072
52.2667, 0.255072
52.3333, 0.231884
52.4, 0.243478
52.4667, 0.231884
52.5333, 0.231884
52.6, 0.115942
52.6667, 0.185507
52.7333, 0.208696
52.8, 0.162319
52.8667, 0.231884
52.9333, 0.057971
53, 0.8
53.0667, 0.498551
53.1333, 0.498551
53.2, 0.35942
53.2667, 0.44058
53.3333, 0.289855
53.4, 0.35942
53.4667, 0.289855
53.5333, 0.301449
53.6, 0.336232
53.6667, 0.301449
53.7333, 0.255072
53.8, 0.231884
53.8667, 0.382609
53.9333, 0.289855
54, 0.313043
54.0667, 0.22029
54.1333, 0.278261
54.2, 0.243478
54.2667, 0.208696
54.3333, 0.289855
54.4, 0.243478
54.4667, 0.278261
54.5333, 0.255072
54.6, 0.104348
54.6667, 0.788406
54.7333, 0.475362
54.8, 0.35942
54.8667, 0.417391
54.9333, 0.394203
55, 0.394203
55.0667, 0.347826
55.1333, 0.347826
55.2, 0.266667
55.2667, 0.278261
55.3333, 0.417391
55.4, 0.289855
55.4667, 0.313043
55.5333, 0.417391
55.6, 0.255072
55.6667, 0.35942
55.7333, 0.324638
55.8, 0.266667
55.8667, 0.336232
55.9333, 0.278261
56, 0.301449
56.0667, 0.35942
56.1333, 0.44058
56.2, 0.324638
56.2667, 0.266667
56.3333, 0.8
56.4, 0.417391
56.4667, 0.533333
56.5333, 0.35942
56.6, 0.35942
56.6667, 0.417391
56.7333, 0.301449
56.8, 0.428986
56.8667, 0.405797
56.9333, 0.347826
57, 0.382609
57.0667, 0.371015
57.1333, 0.289855
57.2, 0.313043
57.2667, 0.301449
57.3333, 0.208696
57.4, 0.301449
57.4667, 0.313043
57.5333, 0.289855
57.6, 0.313043
57.6667, 0.289855
57.7333, 0.371015
57.8, 0.266667
57.8667, 0.243478
57.9333, 0.0927536
58, 0.788406
58.0667, 0.463768
58.1333, 0.498551
58.2, 0.428986
58.2667, 0.394203
58.3333, 0.428986
58.4, 0.266667
58.4667, 0.394203
58.5333, 0.35942
58.6, 0.185507
58.6667, 0.788406
58.7333, 0.44058
58.8, 0.405797
58.8667, 0.371015
58.9333, 0.347826
59, 0.347826
59.0667, 0.35942
59.1333, 0.336232
59.2, 0.417391
59.2667, 0.371015
59.3333, 0.347826
59.4, 0.486957
59.4667, 0.313043
59.5333, 0.301449
59.6, 0.336232
59.6667, 0.150725
59.7333, 0.266667
59.8, 0.231884
59.8667, 0.371015
59.9333, 0.231884
60, 0.289855
60.0667, 0.13913
60.1333, 0.255072
60.2, 0.301449
60.2667, 0.0347826
60.3333, 0.8
60.4, 0.475362
60.4667, 0.382609
60.5333, 0.486957
60.6, 0.417391
60.6667, 0.394203
60.7333, 0.382609
60.8, 0.371015
60.8667, 0.324638
60.9333, 0.278261
61, 0.278261
61.0667, 0.336232
61.1333, 0.231884
61.2, 0.336232
61.2667, 0.324638
61.3333, 0.313043
61.4, 0.278261
61.4667, 0.289855
61.5333, 0.347826
61.6, 0.289855
61.6667, 0.324638
61.7333, 0.243478
61.8, 0.289855
61.8667, 0.208696
61.9333, 0.0927536
62, 0.8
62.0667, 0.44058
62.1333, 0.626087
62.2, 0.417391
62.2667, 0.324638
62.3333, 0.301449
62.4, 0.394203
62.4667, 0.347826
62.5333, 0.289855
62.6, 0.208696
62.6667, 0.197101
62.7333, 0.394203
62.8, 0.289855
62.8667, 0.394203
62.9333, 0.278261
63, 0.266667
63.0667, 0.278261
63.1333, 0.22029
63.2, 0.243478
63.2667, 0.22029
63.3333, 0.185507
63.4, 0.243478
63.4667, 0.162319
63.5333, 0.13913
63.6, 0.0811594
63.6667, 0.788406
63.7333, 0.510145
63.8, 0.35942
63.8667, 0.347826
63.9333, 0.371015
64, 0.35942
64.0667, 0.255072
64.1333, 0.301449
64.2, 0.452174
64.2667, 0.347826
64.3333, 0.289855
64.4, 0.208696
64.4667, 0.278261
64.5333, 0.243478
64.6, 0.313043
64.6667, 0.255072
64.7333, 0.197101
64.8, 0.243478
64.8667, 0.185507
64.9333, 0.266667
65, 0.162319
65.0667, 0.208696
65.1333, 0.162319
65.2, 0.150725
65.2667, 0.173913
65.3333, 0.776812
65.4, 0.417391
65.4667, 0.44058
65.5333, 0.382609
65.6, 0.382609
65.6667, 0.301449
65.7333, 0.347826
65.8, 0.336232
65.8667, 0.255072
65.9333, 0.313043
66, 0.289855
66.0667, 0.44058
66.1333, 0.231884
66.2, 0.255072
66.2667, 0.243478
66.3333, 0.324638
66.4, 0.22029
66.4667, 0.197101
66.5333, 0.324638
66.6, 0.336232
66.6667, 0.255072
66.7333, 0.602899
66.8, 0.266667
66.8667, 0.13913
66.9333, 0.127536
67, 0.8
67.0667, 0.637681
67.1333, 0.382609
67.2, 0.452174
67.2667, 0.405797
67.3333, 0.371015
67.4, 0.788406
67.4667, 0.626087
67.5333, 0.347826
67.6, 0.463768
67.6667, 0.35942
67.7333, 0.405797
67.8, 0.382609
67.8667, 0.324638
67.9333, 0.371015
68, 0.324638
68.0667, 0.289855
68.1333, 0.452174
68.2, 0.35942
68.2667, 0.405797
68.3333, 0.394203
68.4, 0.347826
68.4667, 0.278261
68.5333, 0.278261
68.6, 0.336232
68.6667, 0.394203
68.7333, 0.243478
68.8, 0.382609
68.8667, 0.313043
68.9333, 0.243478
69, 0.197101
69.0667, 0.8
69.1333, 0.44058
69.2, 0.405797
69.2667, 0.556522
69.3333, 0.428986
69.4, 0.417391
69.4667, 0.498551
69.5333, 0.463768
69.6, 0.417391
69.6667, 0.486957
69.7333, 0.405797
69.8, 0.405797
69.8667, 0.463768
69.9333, 0.289855
70, 0.405797
70.0667, 0.371015
70.1333, 0.255072
70.2, 0.417391
70.2667, 0.371015
70.3333, 0.324638
70.4, 0.289855
70.4667, 0.347826
70.5333, 0.231884
70.6, 0.371015
70.6667, 0.289855
70.7333, 0.776812
70.8, 0.626087
70.8667, 0.672464
70.9333, 0.521739
71, 0.382609
71.0667, 0.347826
71.1333, 0.452174
71.2, 0.417391
71.2667, 0.405797
71.3333, 0.394203
71.4, 0.324638
71.4667, 0.35942
71.5333, 0.289855
71.6, 0.289855
71.6667, 0.35942
71.7333, 0.231884
71.8, 0.197101
71.8667, 0.197101
71.9333, 0.150725
72, 0.289855
72.0667, 0.301449
72.1333, 0.289855
72.2, 0.336232
72.2667, 0.336232
72.3333, 0.255072
72.4, 0.788406
72.4667, 0.544928
72.5333, 0.371015
72.6, 0.428986
72.6667, 0.475362
72.7333, 0.510145
72.8, 0.394203
72.8667, 0.452174
72.9333, 0.324638
73, 0.289855
73.0667, 0.266667
73.1333, 0.347826
73.2, 0.208696
73.2667, 0.394203
73.3333, 0.301449
73.4, 0.313043
73.4667, 0.266667
73.5333, 0.266667
73.6, 0.243478
73.6667, 0.428986
73.7333, 0.173913
73.8, 0.278261
73.8667, 0.255072
73.9333, 0.197101
74, 0.243478
74.0667, 0.788406
74.1333, 0.405797
74.2, 0.498551
74.2667, 0.475362
74.3333, 0.394203
74.4, 0.394203
74.4667, 0.324638
74.5333, 0.324638
74.6, 0.336232
74.6667, 0.313043
74.7333, 0.347826
74.8, 0.382609
74.8667, 0.475362
74.9333, 0.371015
75, 0.243478
75.0667, 0.243478
75.1333, 0.417391
75.2, 0.278261
75.2667, 0.278261
75.3333, 0.382609
75.4, 0.278261
75.4667, 0.231884
75.5333, 0.278261
75.6, 0.278261
75.6667, 0.22029
75.7333, 0.788406
75.8, 0.568116
75.8667, 0.521739
75.9333, 0.44058
76, 0.347826
76.0667, 0.382609
76.1333, 0.486957
76.2, 0.405797
76.2667, 0.394203
76.3333, 0.463768
76.4, 0.347826
76.4667, 0.347826
76.5333, 0.278261
76.6, 0.371015
76.6667, 0.313043
76.7333, 0.324638
76.8, 0.289855
76.8667, 0.243478
76.9333, 0.324638
77, 0.371015
77.0667, 0.35942
77.1333, 0.243478
77.2, 0.324638
77.2667, 0.266667
77.3333, 0.231884
77.4, 0.8
77.4667, 0.521739
77.5333, 0.498551
77.6, 0.44058
77.6667, 0.486957
77.7333, 0.417391
77.8, 0.336232
77.8667, 0.417391
77.9333, 0.382609
78, 0.324638
78.0667, 0.405797
78.1333, 0.382609
78.2, 0.336232
78.2667, 0.301449
78.3333, 0.382609
78.4, 0.35942
78.4667, 0.278261
78.5333, 0.336232
78.6, 0.394203
78.6667, 0.35942
78.7333, 0.324638
78.8, 0.324638
78.8667, 0.301449
78.9333, 0.324638
79, 0.336232
79.0667, 0.8
79.1333, 0.394203
79.2, 0.556522
79.2667, 0.498551
79.3333, 0.371015
79.4, 0.44058
79.4667, 0.452174
79.5333, 0.382609
79.6, 0.486957
79.6667, 0.486957
79.7333, 0.463768
79.8, 0.405797
79.8667, 0.463768
79.9333, 0.336232
80, 0.382609
80.0667, 0.231884
80.1333, 0.35942
80.2, 0.324638
80.2667, 0.347826
80.3333, 0.301449
80.4, 0.405797
80.4667, 0.266667
80.5333, 0.243478
80.6, 0.197101
80.6667, 0.231884
80.7333, 0.788406
80.8, 0.57971
80.8667, 0.428986
80.9333, 0.35942
81, 0.486957
81.0667, 0.324638
81.1333, 0.44058
81.2, 0.371015
81.2667, 0.498551
81.3333, 0.394203
81.4, 0.452174
81.4667, 0.44058
81.5333, 0.428986
81.6, 0.394203
81.6667, 0.521739
81.7333, 0.475362
81.8, 0.405797
81.8667, 0.347826
81.9333, 0.371015
82, 0.371015
82.0667, 0.336232
82.1333, 0.243478
82.2, 0.394203
82.2667, 0.185507
82.3333, 0.197101
82.4, 0.788406
82.4667, 0.463768
82.5333, 0.510145
82.6, 0.486957
82.6667, 0.405797
82.7333, 0.44058
82.8, 0.452174
82.8667, 0.35942
82.9333, 0.475362
83, 0.313043
83.0667, 0.336232
83.1333, 0.405797
83.2, 0.463768
83.2667, 0.289855
83.3333, 0.324638
83.4, 0.626087
83.4667, 0.231884
83.5333, 0.243478
83.6, 0.208696
83.6667, 0.289855
83.7333, 0.231884
83.8, 0.417391
83.8667, 0.347826
83.9333, 0.150725
84, 0.185507
84.0667, 0.788406
84.1333, 0.556522
84.2, 0.475362
84.2667, 0.463768
84.3333, 0.394203
84.4, 0.498551
84.4667, 0.371015
84.5333, 0.336232
84.6, 0.371015
84.6667, 0.301449
84.7333, 0.35942
84.8, 0.371015
84.8667, 0.394203
84.9333, 0.324638
85, 0.347826
85.0667, 0.336232
85.1333, 0.463768
85.2, 0.313043
85.2667, 0.231884
85.3333, 0.313043
85.4, 0.255072
85.4667, 0.208696
85.5333, 0.255072
85.6, 0.289855
85.6667, 0.13913
85.7333, 0.788406
85.8, 0.394203
85.8667, 0.463768
85.9333, 0.486957
86, 0.428986
86.0667, 0.22029
86.1333, 0.394203
86.2, 0.382609
86.2667, 0.347826
86.3333, 0.347826
86.4, 0.324638
86.4667, 0.417391
86.5333, 0.347826
86.6, 0.336232
86.6667, 0.382609
86.7333, 0.371015
86.8, 0.313043
86.8667, 0.255072
86.9333, 0.266667
87, 0.255072
87.0667, 0.231884
87.1333, 0.231884
87.2, 0.255072
87.2667, 0.185507
87.3333, 0.336232
87.4, 0.8
87.4667, 0.510145
87.5333, 0.255072
87.6, 0.405797
87.6667, 0.452174
87.7333, 0.289855
87.8, 0.452174
87.8667, 0.371015
87.9333, 0.313043
88, 0.313043
88.0667, 0.371015
88.1333, 0.347826
88.2, 0.347826
88.2667, 0.394203
88.3333, 0.394203
88.4, 0.313043
88.4667, 0.35942
88.5333, 0.336232
88.6, 0.243478
88.6667, 0.405797
88.7333, 0.266667
88.8, 0.324638
88.8667, 0.336232
88.9333, 0.243478
89, 0.313043
89.0667, 0.8
89.1333, 0.591304
89.2, 0.405797
89.2667, 0.35942
89.3333, 0.428986
89.4, 0.452174
89.4667, 0.382609
89.5333, 0.313043
89.6, 0.324638
89.6667, 0.289855
89.7333, 0.35942
89.8, 0.371015
89.8667, 0.22029
89.9333, 0.324638
90, 0.313043
90.0667, 0.382609
90.1333, 0.301449
90.2, 0.289855
90.2667, 0.231884
90.3333, 0.301449
90.4, 0.324638
90.4667, 0.289855
90.5333, 0.266667
90.6, 0.428986
90.6667, 0.208696
90.7333, 0.8
90.8, 0.510145
90.8667, 0.510145
90.9333, 0.452174
91, 0.371015
91.0667, 0.382609
91.1333, 0.231884
91.2, 0.324638
91.2667, 0.289855
91.3333, 0.289855
91.4, 0.371015
91.4667, 0.278261
91.5333, 0.255072
91.6, 0.428986
91.6667, 0.289855
91.7333, 0.313043
91.8, 0.341176
91.8667, 0.282353
91.9333, 0.329412
92, 0.270588
92.0667, 0.211765
92.1333, 0.247059
92.2, 0.329412
92.2667, 0.341176
92.3333, 0.235294
92.4, 0.8
92.4667, 0.517647
92.5333, 0.529412
92.6, 0.482353
92.6667, 0.517647
92.7333, 0.494118
92.8, 0.376471
92.8667, 0.352941
92.9333, 0.4
93, 0.482353
93.0667, 0.4
93.1333, 0.541176
93.2, 0.529412
93.2667, 0.4
93.3333, 0.470588
93.4, 0.4
93.4667, 0.294118
93.5333, 0.376471
93.6, 0.376471
93.6667, 0.352941
93.7333, 0.341176
93.8, 0.435294
93.8667, 0.435294
93.9333, 0.376471
94, 0.258824
94.0667, 0.8
94.1333, 0.494118
94.2, 0.552941
94.2667, 0.423529
94.3333, 0.364706
94.4, 0.376471
94.4667, 0.447059
94.5333, 0.435294
94.6, 0.447059
94.6667, 0.376471
94.7333, 0.458824
94.8, 0.564706
94.8667, 0.423529
94.9333, 0.4
95, 0.435294
95.0667, 0.329412
95.1333, 0.364706
95.2, 0.329412
95.2667, 0.364706
95.3333, 0.423529
95.4, 0.388235
95.4667, 0.376471
95.5333, 0.517647
95.6, 0.494118
95.6667, 0.517647
95.7333, 0.788235
95.8, 0.717647
95.8667, 0.670588
95.9333, 0.620896
96, 0.656716
96.0667, 0.644776
96.1333, 0.668657
96.2, 0.668657
96.2667, 0.668657
96.3333, 0.644776
96.4, 0.704478
96.4667, 0.716418
96.5333, 0.692537
96.6, 0.692537
96.6667, 0.618182
96.7333, 0.70303
96.8, 0.654545
96.8667, 0.690909
96.9333, 0.603077
97, 0.701538
97.0667, 0.64
97.1333, 0.713846
97.2, 0.664615
97.2667, 0.652308
97.3333, 0.64
97.4, 0.8
97.4667, 0.750769
97.5333, 0.713846
97.6, 0.738462
97.6667, 0.72381
97.7333, 0.736508
97.8, 0.736508
97.8667, 0.735484
97.9333, 0.734426
98, 0.734426
98.0667, 0.734426
98.1333, 0.745763
98.2, 0.732203
98.2667, 0.732203
98.3333, 0.731034
98.4, 0.731034
98.4667, 0.724528
98.5333, 0.724528
98.6, 0.709434
98.6667, 0.709434
98.7333, 0.739623
98.8, 0.724528
98.8667, 0.724528
98.9333, 0.723077
99, 0.692308
99.0667, 0.8
99.1333, 0.736
99.2, 0.664
99.2667, 0.664
99.3333, 0.712
99.4, 0.688
99.4667, 0.688
99.5333, 0.672
99.6, 0.664
99.6667, 0.656
99.7333, 0.632
99.8, 0.646465
99.8667, 0.677551
99.9333, 0.653061
100, 0.702041
100.067, 0.701031
100.133, 0.658333
100.2, 0.648421
100.267, 0.706383
100.333, 0.643478
100.4, 0.64
100.467, 0.647191
100.533, 0.638202
100.6, 0.623256
100.667, 0.604651
100.733, 0.790698
100.8, 0.64
100.867, 0.611765
100.933, 0.621176
101, 0.636145
101.067, 0.626506
101.133, 0.666667
101.2, 0.676923
101.267, 0.664935
101.333, 0.612987
101.4, 0.631579
101.467, 0.694737
101.533, 0.650667
101.6, 0.679452
101.667, 0.653521
101.733, 0.687324
101.8, 0.642254
101.867, 0.674286
101.933, 0.66087
102, 0.602899
102.067, 0.614493
102.133, 0.556522
102.2, 0.57971
102.267, 0.602899
102.333, 0.564706
102.4, 0.788235
102.467, 0.666667
102.533, 0.630303
102.6, 0.652308
102.667, 0.675
102.733, 0.5875
102.8, 0.6375
102.867, 0.645161
102.933, 0.56
103, 0.626667
103.067, 0.72
103.133, 0.691525
103.2, 0.705085
103.267, 0.717241
103.333, 0.689655
103.4, 0.744828
103.467, 0.703448
103.533, 0.675862
103.6, 0.703448
103.667, 0.772414
103.733, 0.717241
103.8, 0.772414
103.867, 0.772414
103.933, 0.744828
104, 0.8
104.067, 0.8
104.133, 0.731034
104.2, 0.731034
104.267, 0.772414
104.333, 0.77193
104.4, 0.757895
104.467, 0.701754
104.533, 0.657143
104.6, 0.712727
104.667, 0.712727
104.733, 0.649057
104.8, 0.676923
104.867, 0.661538
104.933, 0.661538
105, 0.67451
105.067, 0.705882
105.133, 0.704
105.2, 0.723077
105.267, 0.738462
105.333, 0.738462
105.4, 0.723077
105.467, 0.738462
105.533, 0.705882
105.6, 0.721569
105.667, 0.705882
105.733, 0.768627
105.8, 0.752941
105.867, 0.702041
105.933, 0.713846
106, 0.713846
106.067, 0.738462
106.133, 0.7375
106.2, 0.725
106.267, 0.7375
106.333, 0.7375
106.4, 0.725
106.467, 0.733333
106.533, 0.729825
106.6, 0.715789
106.667, 0.709434
106.733, 0.704
106.8, 0.755556
106.867, 0.746667
106.933, 0.746667
107, 0.746667
107.067, 0.746667
107.133, 0.746067
107.2, 0.746067
107.267, 0.744828
107.333, 0.751807
107.4, 0.780247
107.467, 0.757895
107.533, 0.754286
107.6, 0.730435
107.667, 0.727273
107.733, 0.721311
107.8, 0.717241
107.867, 0.715789
107.933, 0.696296
108, 0.707692
108.067, 0.67451
108.133, 0.695652
108.2, 0.752
108.267, 0.752
108.333, 0.759184
108.4, 0.759184
108.467, 0.758333
108.533, 0.748387
108.6, 0.747826
108.667, 0.745455
108.733, 0.742857
108.8, 0.741463
108.867, 0.746667
108.933, 0.742857
109, 0.729412
109.067, 0.8
109.133, 0.709677
109.2, 0.760656
109.267, 0.685714
109.333, 0.723077
109.4, 0.737255
109.467, 0.765957
109.533, 0.768
109.6, 0.776
109.667, 0.767677
109.733, 0.759184
109.8, 0.783333
109.867, 0.757447
109.933, 0.739785
110, 0.756044
110.067, 0.746067
110.133, 0.72381
110.2, 0.73253
110.267, 0.7
110.333, 0.768421
110.4, 0.713513
110.467, 0.72
110.533, 0.741176
110.6, 0.752239
110.667, 0.764179
110.733, 0.8
110.8, 0.748387
110.867, 0.744828
110.933, 0.742857
111, 0.740741
111.067, 0.738462
111.133, 0.714894
111.2, 0.775758
111.267, 0.775758
111.333, 0.751515
111.4, 0.759184
111.467, 0.765217
111.533, 0.745455
111.6, 0.754023
111.667, 0.75
111.733, 0.745946
111.8, 0.744444
111.867, 0.752941
111.933, 0.713846
112, 0.721311
112.067, 0.691525
112.133, 0.671429
112.2, 0.685714
112.267, 0.666667
112.333, 0.704
112.4, 0.8
112.467, 0.779221
112.533, 0.778667
112.6, 0.757333
112.667, 0.736
112.733, 0.75493
112.8, 0.721127
112.867, 0.741176
112.933, 0.736508
113, 0.747541
113.067, 0.701754
113.133, 0.723077
113.2, 0.736
113.267, 0.755556
113.333, 0.733333
113.4, 0.744444
113.467, 0.718841
113.533, 0.741176
113.6, 0.7625
113.667, 0.786885
113.733, 0.786885
113.8, 0.760656
113.867, 0.759322
113.933, 0.729825
114, 0.698182
114.067, 0.8
114.133, 0.704
114.2, 0.712727
114.267, 0.727273
114.333, 0.709434
114.4, 0.709434
114.467, 0.724528
114.533, 0.707692
114.6, 0.692308
114.667, 0.690196
114.733, 0.72
114.8, 0.702041
114.867, 0.702041
114.933, 0.731915
115, 0.688372
115.067, 0.711111
115.133, 0.651163
115.2, 0.711111
115.267, 0.675556
115.333, 0.711111
115.4, 0.688
115.467, 0.657778
115.533, 0.7
115.6, 0.711111
115.667, 0.64
115.733, 0.8
115.8, 0.7
115.867, 0.682353
115.933, 0.6
116, 0.65641
116.067, 0.62
116.133, 0.688372
116.2, 0.736
116.267, 0.688372
116.333, 0.737255
116.4, 0.690196
116.467, 0.718367
116.533, 0.711111
116.6, 0.725926
116.667, 0.724528
116.733, 0.769231
116.8, 0.704
116.867, 0.723077
116.933, 0.723077
117, 0.733333
117.067, 0.72
117.133, 0.754286
117.2, 0.742857
117.267, 0.741176
117.333, 0.740299
117.4, 0.8
117.467, 0.7375
117.533, 0.734426
117.6, 0.734426
117.667, 0.734426
117.733, 0.715789
117.8, 0.715789
117.867, 0.714286
117.933, 0.7
118, 0.711111
118.067, 0.725926
118.133, 0.723077
118.2, 0.705882
118.267, 0.705882
118.333, 0.718367
118.4, 0.752381
118.467, 0.771429
118.533, 0.75122
118.6, 0.75122
118.667, 0.77
118.733, 0.779747
118.8, 0.758974
118.867, 0.769231
118.933, 0.769231
119, 0.757895
119.067, 0.8
119.133, 0.752941
119.2, 0.739394
119.267, 0.748387
119.333, 0.745763
119.4, 0.745763
119.467, 0.717241
119.533, 0.714286
119.6, 0.669091
119.667, 0.709434
119.733, 0.692308
119.8, 0.67451
119.867, 0.685714
119.933, 0.683871
120, 0.722581
120.067, 0.693333
120.133, 0.72
120.2, 0.691525
120.267, 0.687719
120.333, 0.685714
120.4, 0.698182
120.467, 0.692308
120.533, 0.690196
120.6, 0.690196
120.667, 0.67451
120.733, 0.8
120.8, 0.701124
120.867, 0.737079
120.933, 0.752941
121, 0.715294
121.067, 0.72
121.133, 0.714667
121.2, 0.735135
121.267, 0.721127
121.333, 0.753623
121.4, 0.730435
121.467, 0.729412
121.533, 0.716418
121.6, 0.728358
121.667, 0.736508
121.733, 0.748387
121.8, 0.735484
121.867, 0.677966
121.933, 0.631579
122, 0.645614
122.067, 0.617544
122.133, 0.659649
122.2, 0.617544
122.267, 0.654545
122.333, 0.683636
122.4, 0.8
122.467, 0.633962
122.533, 0.618868
122.6, 0.661538
122.667, 0.646154
122.733, 0.6
122.8, 0.676923
122.867, 0.661538
122.933, 0.615385
123, 0.615385
123.067, 0.630769
123.133, 0.646154
123.2, 0.592
123.267, 0.703448
123.333, 0.717241
123.4, 0.687719
123.467, 0.673684
123.533, 0.671429
123.6, 0.671429
123.667, 0.657143
123.733, 0.666667
123.8, 0.67451
123.867, 0.688
123.933, 0.67027
124, 0.646809
124.067, 0.765217
124.133, 0.656
124.2, 0.669767
124.267, 0.688372
124.333, 0.666667
124.4, 0.676923
124.467, 0.692308
124.533, 0.624
124.6, 0.711111
124.667, 0.72381
124.733, 0.685714
124.8, 0.698413
124.867, 0.706667
124.933, 0.759322
125, 0.728571
125.067, 0.721569
125.133, 0.702041
125.2, 0.758621
125.267, 0.731034
125.333, 0.744828
125.4, 0.772414
125.467, 0.738462
125.533, 0.737255
125.6, 0.782979
125.667, 0.778947
125.733, 0.8
125.8, 0.788571
125.867, 0.7875
125.933, 0.760656
126, 0.721311
126.067, 0.687719
126.133, 0.679245
126.2, 0.724528
126.267, 0.734694
126.333, 0.787097
126.4, 0.747541
126.467, 0.755556
126.533, 0.725926
126.6, 0.725926
126.667, 0.707692
126.733, 0.736
126.8, 0.696774
126.867, 0.634483
126.933, 0.754286
127, 0.670588
127.067, 0.747541
127.133, 0.677966
127.2, 0.77193
127.267, 0.712727
127.333, 0.672
127.4, 0.8
127.467, 0.723077
127.533, 0.67451
127.6, 0.688
127.667, 0.714894
127.733, 0.7
127.8, 0.7125
127.867, 0.708197
127.933, 0.72
128, 0.731034
128.067, 0.701754
128.133, 0.721569
128.2, 0.704
128.267, 0.748387
128.333, 0.706667
128.4, 0.732203
128.467, 0.731034
128.533, 0.727273
128.6, 0.707692
128.667, 0.690196
128.733, 0.716667
128.8, 0.733333
128.867, 0.718644
128.933, 0.659649
129, 0.701754
129.067, 0.8
129.133, 0.705882
129.2, 0.66383
129.267, 0.666667
129.333, 0.651852
129.4, 0.646154
129.467, 0.769231
129.533, 0.692308
129.6, 0.721569
129.667, 0.704
129.733, 0.715789
129.8, 0.757895
129.867, 0.671429
129.933, 0.657143
130, 0.711111
130.067, 0.651852
130.133, 0.664151
130.2, 0.608
130.267, 0.578723
130.333, 0.55
130.4, 0.596078
130.467, 0.611765
130.533, 0.56
130.6, 0.633962
130.667, 0.603774
130.733, 0.769811
130.8, 0.753846
130.867, 0.587755
130.933, 0.514286
131, 0.606061
131.067, 0.571429
131.133, 0.506667
131.2, 0.6
131.267, 0.542857
131.333, 0.464516
131.4, 0.525
131.467, 0.645161
131.533, 0.474074
131.6, 0.496552
131.667, 0.525
131.733, 0.575
131.8, 0.542857
131.867, 0.457143
131.933, 0.48
132, 0.428571
132.067, 0.506667
132.133, 0.48
132.2, 0.541176
132.267, 0.630303
132.333, 0.577778
132.4, 0.8
132.467, 0.57931
132.533, 0.56
132.6, 0.619355
132.667, 0.593548
132.733, 0.56
132.8, 0.523077
132.867, 0.551724
132.933, 0.56
133, 0.586667
133.067, 0.523077
133.133, 0.576
133.2, 0.584615
133.267, 0.626087
133.333, 0.635294
133.4, 0.746667
133.467, 0.606061
133.533, 0.586667
133.6, 0.64
133.667, 0.630303
133.733, 0.634483
133.8, 0.658824
133.867, 0.690909
133.933, 0.646154
134, 0.688
134.067, 0.8
134.133, 0.740741
134.2, 0.740741
134.267, 0.69434
134.333, 0.690196
134.4, 0.690196
134.467, 0.688
134.533, 0.74386
134.6, 0.739623
134.667, 0.731915
134.733, 0.742857
134.8, 0.690909
134.867, 0.649057
134.933, 0.713043
135, 0.664407
135.067, 0.672
135.133, 0.646809
135.2, 0.624
135.267, 0.615385
135.333, 0.631579
135.4, 0.66
135.467, 0.622222
135.533, 0.748936
135.6, 0.64
135.667, 0.661538
135.733, 0.8
135.8, 0.679245
135.867, 0.653061
135.933, 0.668852
136, 0.733333
136.067, 0.689655
136.133, 0.675862
136.2, 0.698182
136.267, 0.69434
136.333, 0.661538
136.4, 0.688
136.467, 0.625455
136.533, 0.739623
136.6, 0.664151
136.667, 0.690196
136.733, 0.683333
136.8, 0.698182
136.867, 0.651852
136.933, 0.646154
137, 0.692308
137.067, 0.64
137.133, 0.715789
137.2, 0.635294
137.267, 0.533333
137.333, 0.6
137.4, 0.755556
137.467, 0.610526
137.533, 0.524138
137.6, 0.613333
137.667, 0.666667
137.733, 0.635294
137.8, 0.541176
137.867, 0.517647
137.933, 0.564706
138, 0.474074
138.067, 0.666667
138.133, 0.533333
138.2, 0.592593
138.267, 0.634483
138.333, 0.5
138.4, 0.496552
138.467, 0.542857
138.533, 0.457143
138.6, 0.485714
138.667, 0.524138
138.733, 0.496552
138.8, 0.64
138.867, 0.551724
138.933, 0.544
139, 0.576
139.067, 0.766667
139.133, 0.672
139.2, 0.608
139.267, 0.628571
139.333, 0.571429
139.4, 0.571429
139.467, 0.541936
139.533, 0.542857
139.6, 0.571429
139.667, 0.704
139.733, 0.8
139.8, 0.8
139.867, 0.8
139.933, 0.72
140, 0.576
140.067, 0.56
140.133, 0.509091
140.2, 0.64
140.267, 0.628571
140.333, 0.727273
140.4, 0.8
140.467, 0.752941
140.533, 0.746667
140.6, 0.75
140.667, 0.8
140.733, 0.746667
140.8, 0.8
140.867, 0.8
140.933, 0.746667
141, 0.8
141.067, 0.8
141.133, 0.72
141.2, 0.8
141.267, 0.8
141.333, 0.8
141.4, 0.8
141.467, 0.676923
141.533, 0.685714
141.6, 0.647619
141.667, 0.690909
141.733, 0.704762
141.8, 0.738462
141.867, 0.715789
141.933, 0.741463
142, 0.72
142.067, 0.713043
142.133, 0.718367
142.2, 0.72
142.267, 0.740741
142.333, 0.718367
142.4, 0.8
142.467, 0.728571
142.533, 0.738462
142.6, 0.716667
142.667, 0.728358
142.733, 0.72381
142.8, 0.721311
142.867, 0.771429
142.933, 0.695652
143, 0.777143
143.067, 0.7375
143.133, 0.771429
143.2, 0.718367
143.267, 0.777778
143.333, 0.752941
143.4, 0.740299
143.467, 0.733333
143.533, 0.732203
143.6, 0.718644
143.667, 0.681481
143.733, 0.658824
143.8, 0.656
143.867, 0.738462
143.933, 0.738462
144, 0.721569
144.067, 0.748936
144.133, 0.697436
144.2, 0.654545
144.267, 0.64
144.333, 0.622222
144.4, 0.577778
144.467, 0.72
144.533, 0.633333
144.6, 0.64
144.667, 0.740741
144.733, 0.681481
144.8, 0.64
144.867, 0.688889
144.933, 0.611765
145, 0.705882
145.067, 0.663415
145.133, 0.64
145.2, 0.644444
145.267, 0.626087
145.333, 0.608
145.4, 0.647619
145.467, 0.64
145.533, 0.612766
145.6, 0.685714
145.667, 0.696774
145.733, 0.765957
145.8, 0.65641
145.867, 0.644444
145.933, 0.658824
146, 0.635294
146.067, 0.648649
146.133, 0.581818
146.2, 0.64
146.267, 0.666667
146.333, 0.635294
146.4, 0.544
146.467, 0.613333
146.533, 0.676923
146.6, 0.64
146.667, 0.608
146.733, 0.584615
146.8, 0.608
146.867, 0.581818
146.933, 0.609524
147, 0.533333
147.067, 0.533333
147.133, 0.589474
147.2, 0.533333
147.267, 0.589474
147.333, 0.533333
147.4, 0.738462
147.467, 0.373333
147.533, 0.48
147.6, 0.246154
147.667, 0.4
147.733, 0.329412
147.8, 0.463158
147.867, 0.564706
147.933, 0.509091
148, 0.376471
148.067, 0.533333
148.133, 0.355556
148.2, 0.421053
148.267, 0.311111
148.333, 0.378947
148.4, 0.2
148.467, 0.25
148.533, 0.311111
148.6, 0.266667
148.667, 0.188235
148.733, 0.282353
148.8, 0.4
148.867, 0.457143
148.933, 0.36
149, 0.35
149.067, 0.757895
149.133, 0.505263
149.2, 0.470588
149.267, 0.4
149.333, 0.533333
149.4, 0.4
149.467, 0.3
149.533, 0.4
149.6, 0.5
149.667, 0.4
149.733, 0.378947
149.8, 0.517647
149.867, 0.470588
149.933, 0.32
150, 0.32
150.067, 0.611765
150.133, 0.3
150.2, 0.3
150.267, 0.3
150.333, 0.329412
150.4, 0.355556
150.467, 0.336842
150.533, 0.28
150.6, 0.32
150.667, 0.32
150.733, 0.761905
150.8, 0.48
150.867, 0.423529
150.933, 0.378947
151, 0.45
151.067, 0.544
151.133, 0.461538
151.2, 0.384
151.267, 0.533333
151.333, 0.492308
151.4, 0.524138
151.467, 0.541936
151.533, 0.516129
151.6, 0.541936
151.667, 0.5
151.733, 0.541176
151.8, 0.502857
151.867, 0.547368
151.933, 0.577778
152, 0.622222
152.067, 0.616667
152.133, 0.604444
152.2, 0.584615
152.267, 0.611765
152.333, 0.591304
152.4, 0.8
152.467, 0.730435
152.533, 0.716667
152.6, 0.704762
152.667, 0.69434
152.733, 0.709434
152.8, 0.709434
152.867, 0.695652
152.933, 0.714286
153, 0.685714
153.067, 0.685714
153.133, 0.724528
153.2, 0.718367
153.267, 0.717241
153.333, 0.703448
153.4, 0.715789
153.467, 0.696296
153.533, 0.702041
153.6, 0.711111
153.667, 0.69434
153.733, 0.739623
153.8, 0.707692
153.867, 0.714894
153.933, 0.694737
154, 0.713043
154.067, 0.781818
154.133, 0.74386
154.2, 0.74386
154.267, 0.728571
154.333, 0.709434
154.4, 0.723077
154.467, 0.688
154.533, 0.724528
154.6, 0.724528
154.667, 0.72
154.733, 0.736842
154.8, 0.7
154.867, 0.688889
154.933, 0.678788
155, 0.711111
155.067, 0.756757
155.133, 0.646154
155.2, 0.675
155.267, 0.685714
155.333, 0.669767
155.4, 0.72381
155.467, 0.704762
155.533, 0.636364
155.6, 0.676923
155.667, 0.583784
155.733, 0.758974
155.8, 0.564706
155.867, 0.682353
155.933, 0.619355
156, 0.567742
156.067, 0.693333
156.133, 0.593548
156.2, 0.551724
156.267, 0.452174
156.333, 0.521739
156.4, 0.622222
156.467, 0.64
156.533, 0.4
156.6, 0.355556
156.667, 0.466667
156.733, 0.606897
156.8, 0.524138
156.867, 0.488889
156.933, 0.5
157, 0.509091
157.067, 0.517647
157.133, 0.52
157.2, 0.56
157.267, 0.577778
157.333, 0.654545
157.4, 0.8
157.467, 0.8
157.533, 0.755556
157.6, 0.8
157.667, 0.757895
157.733, 0.754286
157.8, 0.752941
157.867, 0.691892
157.933, 0.670968
158, 0.6
158.067, 0.666667
158.133, 0.65
158.2, 0.675
158.267, 0.64
158.333, 0.55
158.4, 0.571429
158.467, 0.533333
158.533, 0.495238
158.6, 0.486957
158.667, 0.5
158.733, 0.495238
158.8, 0.452174
158.867, 0.421053
158.933, 0.533333
159, 0.631579
159.067, 0.8
159.133, 0.705882
159.2, 0.742857
159.267, 0.742857
159.333, 0.689655
159.4, 0.713513
159.467, 0.682353
159.533, 0.666667
159.6, 0.706977
159.667, 0.691892
159.733, 0.773333
159.8, 0.776471
159.867, 0.735135
159.933, 0.734694
160, 0.748936
160.067, 0.714894
160.133, 0.669388
160.2, 0.704
160.267, 0.683333
160.333, 0.622222
160.4, 0.685714
160.467, 0.547368
160.533, 0.564706
160.6, 0.617143
160.667, 0.485714
160.733, 0.8
160.8, 0.6
160.867, 0.56
160.933, 0.545455
161, 0.52
161.067, 0.421053
161.133, 0.444444
161.2, 0.44
161.267, 0.4
161.333, 0.376471
161.4, 0.373333
161.467, 0.285714
161.533, 0.373333
161.6, 0.35
161.667, 0.342857
161.733, 0.56
161.8, 0.45
161.867, 0.711111
161.933, 0.676923
162, 0.705882
162.067, 0.68
162.133, 0.666667
162.2, 0.557576
162.267, 0.65
162.333, 0.585366
162.4, 0.758974
162.467, 0.666667
162.533, 0.615385
162.6, 0.622222
162.667, 0.591304
162.733, 0.544
162.8, 0.566667
162.867, 0.619355
162.933, 0.628571
163, 0.617143
163.067, 0.635294
163.133, 0.685714
163.2, 0.622222
163.267, 0.571429
163.333, 0.645161
163.4, 0.65
163.467, 0.617143
163.533, 0.548571
163.6, 0.555556
163.667, 0.533333
163.733, 0.564706
163.8, 0.555556
163.867, 0.548571
163.933, 0.548571
164, 0.548571
164.067, 0.8
164.133, 0.581818
164.2, 0.666667
164.267, 0.575
164.333, 0.567742
164.4, 0.523077
164.467, 0.575
164.533, 0.542857
164.6, 0.506667
164.667, 0.490323
164.733, 0.6
164.8, 0.7
164.867, 0.633333
164.933, 0.472727
165, 0.5
165.067, 0.417391
165.133, 0.512
165.2, 0.363636
165.267, 0.32
165.333, 0.509091
165.4, 0.472727
165.467, 0.452174
165.533, 0.436364
165.6, 0.466667
165.667, 0.533333
165.733, 0.8
165.8, 0.430769
165.867, 0.48
165.933, 0.474074
166, 0.503704
166.067, 0.416
166.133, 0.651852
166.2, 0.556522
166.267, 0.486957
166.333, 0.448
166.4, 0.474074
166.467, 0.533333
166.533, 0.523077
166.6, 0.461538
166.667, 0.382609
166.733, 0.666667
166.8, 0.533333
166.867, 0.327273
166.933, 0.342857
167, 0.342857
167.067, 0.463158
167.133, 0.336842
167.2, 0.252632
167.267, 0.436364
167.333, 0.466667
167.4, 0.8
167.467, 0.533333
167.533, 0.609524
167.6, 0.609524
167.667, 0.581818
167.733, 0.55
167.8, 0.577778
167.867, 0.564706
167.933, 0.533333
168, 0.564706
168.067, 0.615385
168.133, 0.654545
168.2, 0.628571
168.267, 0.65
168.333, 0.62439
168.4, 0.583784
168.467, 0.64
168.533, 0.681481
168.6, 0.72
168.667, 0.731429
168.733, 0.772414
168.8, 0.7
168.867, 0.691892
168.933, 0.711111
169, 0.633962
169.067, 0.8
169.133, 0.626087
169.2, 0.643137
169.267, 0.658824
169.333, 0.716667
169.4, 0.629787
169.467, 0.62
169.533, 0.631579
169.6, 0.571429
169.667, 0.533333
169.733, 0.541176
169.8, 0.606061
169.867, 0.567742
169.933, 0.593548
170, 0.551724
170.067, 0.571429
170.133, 0.452174
170.2, 0.514286
170.267, 0.417391
170.333, 0.509091
170.4, 0.486957
170.467, 0.444444
170.533, 0.631579
170.6, 0.584615
170.667, 0.666667
170.733, 0.746667
170.8, 0.72
170.867, 0.8
170.933, 0.752941
171, 0.8
171.067, 0.690909
171.133, 0.553846
171.2, 0.551724
171.267, 0.584615
171.333, 0.592593
171.4, 0.523077
171.467, 0.591304
171.533, 0.436364
171.6, 0.486957
171.667, 0.304762
171.733, 0.378947
171.8, 0.470588
171.867, 0.426667
171.933, 0.32
172, 0.188235
172.067, 0.213333
172.133, 0.213333
172.2, 0.171429
172.267, 0.246154
172.333, 0.0666667
172.4, 0.742857
172.467, 0.342857
172.533, 0.2
172.6, 0.246154
172.667, 0.123077
172.733, 0.307692
172.8, 0.246154
172.867, 0.246154
172.933, 0.145455
173, 0.218182
173.067, 0
173.133, 0
173.2, 0.436364
173.267, 0.171429
173.333, 0.106667
173.4, 0.16
173.467, 0.184615
173.533, 0.133333
173.6, 0.0666667
173.667, 0.133333
173.733, 0.133333
173.8, 0.133333
173.867, 0.145455
173.933, 0.24
174, 0.08
174.067, 0.8
174.133, 0.24
174.2, 0.16
174.267, 0.290909
174.333, 0
174.4, 0.0727273
174.467, 0.08
174.533, 0
174.6, 0
174.667, 0.145455
174.733, 0.145455
174.8, 0.218182
174.867, 0.32
174.933, 0.32
175, 0.363636
175.067, 0.266667
175.133, 0.333333
175.2, 0.333333
175.267, 0.333333
175.333, 0.307692
175.4, 0.145455
175.467, 0.307692
175.533, 0.457143
175.6, 0.426667
175.667, 0.373333
175.733, 0.8
175.8, 0.4
175.867, 0.457143
175.933, 0.466667
176, 0.492308
176.067, 0.6
176.133, 0.64
176.2, 0.635294
176.267, 0.577778
176.333, 0.675
176.4, 0.666667
176.467, 0.7
176.533, 0.609524
176.6, 0.704
176.667, 0.675
176.733, 0.676923
176.8, 0.688372
176.867, 0.70303
176.933, 0.670968
177, 0.666667
177.067, 0.72381
177.133, 0.685714
177.2, 0.695652
177.267, 0.66383
177.333, 0.682927
177.4, 0.8
177.467, 0.695652
177.533, 0.688372
177.6, 0.715789
177.667, 0.7
177.733, 0.67027
177.8, 0.688889
177.867, 0.678788
177.933, 0.658824
178, 0.658824
178.067, 0.67451
178.133, 0.716667
178.2, 0.65
178.267, 0.643902
178.333, 0.646809
178.4, 0.662857
178.467, 0.64
178.533, 0.6
178.6, 0.591304
178.667, 0.586667
178.733, 0.564706
178.8, 0.533333
178.867, 0.6
178.933, 0.586667
179, 0.533333
179.067, 0.76
179.133, 0.564706
179.2, 0.6
179.267, 0.68
179.333, 0.564706
179.4, 0.55
179.467, 0.533333
179.533, 0.547368
179.6, 0.64
179.667, 0.517647
179.733, 0.581818
179.8, 0.626087
179.867, 0.631579
179.933, 0.609524
180, 0.6
180.067, 0.626087
180.133, 0.618182
180.2, 0.591304
180.267, 0.64
180.333, 0.622222
180.4, 0.673684
180.467, 0.6
180.533, 0.533333
180.6, 0.589474
180.667, 0.577778
180.733, 0.8
180.8, 0.577778
180.867, 0.564706
180.933, 0.564706
181, 0.564706
181.067, 0.673684
181.133, 0.577778
181.2, 0.6
181.267, 0.6
181.333, 0.589474
181.4, 0.564706
181.467, 0.577778
181.533, 0.611765
181.6, 0.533333
181.667, 0.622222
181.733, 0.577778
181.8, 0.622222
181.867, 0.609524
181.933, 0.609524
182, 0.626087
182.067, 0.576
182.133, 0.633333
182.2, 0.6
182.267, 0.592593
182.333, 0.57931
182.4, 0.8
182.467, 0.613333
182.533, 0.64
182.6, 0.622222
182.667, 0.65
182.733, 0.66
182.8, 0.645161
182.867, 0.66
182.933, 0.662857
183, 0.678788
183.067, 0.658824
183.133, 0.64
183.2, 0.7
183.267, 0.662857
183.333, 0.66087
183.4, 0.713043
183.467, 0.610909
183.533, 0.64
183.6, 0.654545
183.667, 0.661538
183.733, 0.604082
183.8, 0.7
183.867, 0.72381
183.933, 0.656
184, 0.688889
184.067, 0.8
184.133, 0.633962
184.2, 0.69434
184.267, 0.672
184.333, 0.727273
184.4, 0.693333
184.467, 0.688
184.533, 0.656
184.6, 0.66087
184.667, 0.666667
184.733, 0.642857
184.8, 0.671429
184.867, 0.642857
184.933, 0.685714
185, 0.671429
185.067, 0.712727
185.133, 0.509091
185.2, 0.681481
185.267, 0.615385
185.333, 0.676923
185.4, 0.454902
185.467, 0.4
185.533, 0.337778
185.6, 0.4
185.667, 0.4
185.733, 0.782979
185.8, 0.389744
185.867, 0.454545
185.933, 0.47619
186, 0.583333
186.067, 0.427907
186.133, 0.685714
186.2, 0.380952
186.267, 0.370732
186.333, 0.454545
186.4, 0.54
186.467, 0.54
186.533, 0.454545
186.6, 0.576744
186.667, 0.426667
186.733, 0.372093
186.8, 0.390698
186.867, 0.427907
186.933, 0.4
187, 0.342857
187.067, 0.381818
187.133, 0.330435
187.2, 0.334884
187.267, 0.32
187.333, 0.272727
187.4, 0.781818
187.467, 0.348718
187.533, 0.507317
187.6, 0.348718
187.667, 0.495238
187.733, 0.547368
187.8, 0.432432
187.867, 0.526316
187.933, 0.517647
188, 0.412121
188.067, 0.345946
188.133, 0.182857
188.2, 0.454054
188.267, 0.302703
188.333, 0.355556
188.4, 0.378947
188.467, 0.246154
188.533, 0.315789
188.6, 0.378947
188.667, 0.38
188.733, 0.370732
188.8, 0.502326
188.867, 0.631579
188.933, 0.421053
189, 0.244444
189.067, 0.8
189.133, 0.206452
189.2, 0.412121
189.267, 0.571429
189.333, 0.548571
189.4, 0.471795
189.467, 0.421053
189.533, 0.32
189.6, 0.438095
189.667, 0.4
189.733, 0.34
189.8, 0.492308
189.867, 0.390698
189.933, 0.35
190, 0.408889
190.067, 0.4
190.133, 0.450909
190.2, 0.474074
190.267, 0.423529
190.333, 0.4
190.4, 0.353846
190.467, 0.292308
190.533, 0.423529
190.6, 0.298039
190.667, 0.244898
190.733, 0.782609
190.8, 0.367568
190.867, 0.442105
190.933, 0.389189
191, 0.492308
191.067, 0.511111
191.133, 0.457143
191.2, 0.457143
191.267, 0.475
191.333, 0.48
191.4, 0.594286
191.467, 0.502857
191.533, 0.303448
191.6, 0.48
191.667, 0.375
191.733, 0.475
191.8, 0.275
191.867, 0.244444
191.933, 0.266667
192, 0.258824
192.067, 0.390244
192.133, 0.370732
192.2, 0.333333
192.267, 0.514286
192.333, 0.4
192.4, 0.8
192.467, 0.62439
192.533, 0.58
192.6, 0.590476
192.667, 0.411429
192.733, 0.475676
192.8, 0.432432
192.867, 0.497297
192.933, 0.48
193, 0.370732
193.067, 0.409302
193.133, 0.595349
193.2, 0.4
193.267, 0.370732
193.333, 0.454545
193.4, 0.4
193.467, 0.438095
193.533, 0.381818
193.6, 0.361905
193.667, 0.28
193.733, 0.28
193.8, 0.334884
193.867, 0.327273
193.933, 0.454545
194, 0.345455
194.067, 0.780952
194.133, 0.307692
194.2, 0.342857
194.267, 0.419048
194.333, 0.234146
194.4, 0.417391
194.467, 0.545455
194.533, 0.53913
194.6, 0.297674
194.667, 0.361905
194.733, 0.4
194.8, 0.561702
194.867, 0.293878
194.933, 0.392157
195, 0.470588
195.067, 0.313726
195.133, 0.439216
195.2, 0.313726
195.267, 0.423529
195.333, 0.329412
195.4, 0.329412
195.467, 0.282353
195.533, 0.345098
195.6, 0.439216
195.667, 0.313726
195.733, 0.8
195.8, 0.355556
195.867, 0.330435
195.933, 0.374468
196, 0.493617
196.067, 0.466667
196.133, 0.387879
196.2, 0.274286
196.267, 0.35122
196.333, 0.4
196.4, 0.365714
196.467, 0.422222
196.533, 0.358621
196.6, 0.428571
196.667, 0.311111
196.733, 0.48
196.8, 0.305882
196.867, 0.328205
196.933, 0.377778
197, 0.377778
197.067, 0.324324
197.133, 0.294737
197.2, 0.369231
197.267, 0.324324
197.333, 0.348718
197.4, 0.8
197.467, 0.682927
197.533, 0.5
197.6, 0.533333
197.667, 0.470588
197.733, 0.426667
197.8, 0.358621
197.867, 0.48
197.933, 0.430769
198, 0.386207
198.067, 0.474074
198.133, 0.524138
198.2, 0.474074
198.267, 0.430769
198.333, 0.453333
198.4, 0.464516
198.467, 0.523077
198.533, 0.492308
198.6, 0.457143
198.667, 0.593548
198.733, 0.586667
198.8, 0.36129
198.867, 0.46
198.933, 0.409756
199, 0.366667
199.067, 0.8
199.133, 0.470588
199.2, 0.457143
199.267, 0.466667
199.333, 0.475676
199.4, 0.42
199.467, 0.451282
199.533, 0.497297
199.6, 0.4
199.667, 0.434286
199.733, 0.525714
199.8, 0.466667
199.867, 0.454054
199.933, 0.533333
200, 0.4
200.067, 0.658824
200.133, 0.389744
200.2, 0.367568
200.267, 0.411429
200.333, 0.4
200.4, 0.518919
200.467, 0.654545
200.533, 0.422222
200.6, 0.377778
200.667, 0.388571
200.733, 0.779487
200.8, 0.538462
200.867, 0.584615
200.933, 0.523077
201, 0.627451
201.067, 0.528
201.133, 0.47619
201.2, 0.52766
201.267, 0.533333
201.333, 0.52093
201.4, 0.626087
201.467, 0.542857
201.533, 0.585714
201.6, 0.657143
201.667, 0.6
201.733, 0.557143
201.8, 0.514286
201.867, 0.6
201.933, 0.542857
202, 0.552727
202.067, 0.562963
202.133, 0.558491
202.2, 0.528302
202.267, 0.528302
202.333, 0.517647
202.4, 0.768
202.467, 0.642623
202.533, 0.642623
202.6, 0.773771
202.667, 0.642623
202.733, 0.626667
202.8, 0.706667
202.867, 0.653333
202.933, 0.703448
203, 0.744828
203.067, 0.77193
203.133, 0.659649
203.2, 0.617544
203.267, 0.589474
203.333, 0.575439
203.4, 0.561404
203.467, 0.614286
203.533, 0.610909
203.6, 0.509091
203.667, 0.567273
203.733, 0.459259
203.8, 0.474074
203.867, 0.4
203.933, 0.553846
204, 0.553846
204.067, 0.8
204.133, 0.476923
204.2, 0.553846
204.267, 0.580392
204.333, 0.544
204.4, 0.676923
204.467, 0.676923
204.533, 0.627692
204.6, 0.578462
204.667, 0.6125
204.733, 0.625
204.8, 0.575
204.867, 0.529032
204.933, 0.516129
205, 0.464516
205.067, 0.477419
205.133, 0.503226
205.2, 0.425806
205.267, 0.4
205.333, 0.4
205.4, 0.387097
205.467, 0.464516
205.533, 0.43871
205.6, 0.387097
205.667, 0.387097
205.733, 0.787097
205.8, 0.52459
205.867, 0.52459
205.933, 0.445902
206, 0.432787
206.067, 0.340984
206.133, 0.367213
206.2, 0.288525
206.267, 0.432787
206.333, 0.52459
206.4, 0.288525
206.467, 0.406557
206.533, 0.393443
206.6, 0.262295
206.667, 0.27541
206.733, 0.24918
206.8, 0.222951
206.867, 0.209836
206.933, 0.236066
207, 0.262295
207.067, 0.306667
207.133, 0.333333
207.2, 0.453333
207.267, 0.346667
207.333, 0.386667
207.4, 0.786667
207.467, 0.64
207.533, 0.48
207.6, 0.501695
207.667, 0.331034
207.733, 0.441379
207.8, 0.364912
207.867, 0.407018
207.933, 0.350877
208, 0.350877
208.067, 0.308772
208.133, 0.519298
208.2, 0.294737
208.267, 0.280702
208.333, 0.196491
208.4, 0.280702
208.467, 0.210526
208.533, 0.238596
208.6, 0.210526
208.667, 0.280702
208.733, 0.336842
208.8, 0.336842
208.867, 0.238596
208.933, 0.294737
209, 0.280702
209.067, 0.8
209.133, 0.575439
209.2, 0.407018
209.267, 0.491228
209.333, 0.435088
209.4, 0.435088
209.467, 0.364912
209.533, 0.407018
209.6, 0.280702
209.667, 0.140351
209.733, 0.266667
209.8, 0.210526
209.867, 0.224561
209.933, 0.421053
210, 0.294737
210.067, 0.112281
210.133, 0.154386
210.2, 0.154386
210.267, 0.140351
210.333, 0.126316
210.4, 0.140351
210.467, 0.210526
210.533, 0.126316
210.6, 0.154386
210.667, 0.238596
210.733, 0.785965
210.8, 0.421053
210.867, 0.421053
210.933, 0.322807
211, 0.392982
211.067, 0.224561
211.133, 0.294737
211.2, 0.182456
211.267, 0.336842
211.333, 0.238596
211.4, 0.252632
211.467, 0.350877
211.533, 0.238596
211.6, 0.238596
211.667, 0.322807
211.733, 0.196491
211.8, 0.140351
211.867, 0.224561
211.933, 0.308772
212, 0.308772
212.067, 0.154386
212.133, 0.308772
212.2, 0.168421
212.267, 0.112281
212.333, 0.0701754
212.4, 0.77193
212.467, 0.491228
212.533, 0.463158
212.6, 0.294737
212.667, 0.308772
212.733, 0.421053
212.8, 0.336842
212.867, 0.364912
212.933, 0.322807
213, 0.266667
213.067, 0.224561
213.133, 0.294737
213.2, 0.182456
213.267, 0.350877
213.333, 0.238596
213.4, 0.224561
213.467, 0.196491
213.533, 0.196491
213.6, 0.154386
213.667, 0.168421
213.733, 0.112281
213.8, 0.0421053
213.867, 0.196491
213.933, 0.112281
214, 0.0421053
214.067, 0.77193
214.133, 0.533333
214.2, 0.294737
214.267, 0.308772
214.333, 0.421053
214.4, 0.294737
214.467, 0.322807
214.533, 0.252632
214.6, 0.2
214.667, 0.214286
214.733, 0.2
214.8, 0.342857
214.867, 0.285714
214.933, 0.285714
215, 0.271429
215.067, 0.185714
215.133, 0.285714
215.2, 0.228571
215.267, 0.3
215.333, 0.2
215.4, 0.114286
215.467, 0.214286
215.533, 0.157143
215.6, 0.228571
215.667, 0.228571
215.733, 0.8
215.8, 0.542857
215.867, 0.242857
215.933, 0.471429
216, 0.285714
216.067, 0.3
216.133, 0.228571
216.2, 0.242857
216.267, 0.414286
216.333, 0.3
216.4, 0.314286
216.467, 0.371429
216.533, 0.342857
216.6, 0.171429
216.667, 0.142857
216.733, 0.471429
216.8, 0.371429
216.867, 0.214286
216.933, 0.142857
217, 0.3
217.067, 0.185714
217.133, 0.157143
217.2, 0.171429
217.267, 0.142857
217.333, 0.157143
217.4, 0.771429
217.467, 0.5
217.533, 0.328571
217.6, 0.5
217.667, 0.342857
217.733, 0.285714
217.8, 0.285714
217.867, 0.342857
217.933, 0.271429
218, 0.257143
218.067, 0.285714
218.133, 0.257143
218.2, 0.271429
218.267, 0.2
218.333, 0.328571
218.4, 0.271429
218.467, 0.228571
218.533, 0.357143
218.6, 0.2
218.667, 0.142857
218.733, 0.157143
218.8, 0.171429
218.867, 0.128571
218.933, 0.0857143
219, 0.0714286
219.067, 0.8
219.133, 0.4
219.2, 0.342857
219.267, 0.2
219.333, 0.185714
219.4, 0.357143
219.467, 0.171429
219.533, 0.257143
219.6, 0.228571
219.667, 0.428571
219.733, 0.271429
219.8, 0.242857
219.867, 0.257143
219.933, 0.428571
220, 0.271429
220.067, 0.271429
220.133, 0.414286
220.2, 0.171429
220.267, 0.242857
220.333, 0.157143
220.4, 0.142857
220.467, 0.285714
220.533, 0.228571
220.6, 0.185714
220.667, 0.114286
220.733, 0.8
220.8, 0.314286
220.867, 0.385714
220.933, 0.3
221, 0.314286
221.067, 0.257143
221.133, 0.285714
221.2, 0.171429
221.267, 0.3
221.333, 0.3
221.4, 0.314286
221.467, 0.542857
221.533, 0.2
221.6, 0.271429
221.667, 0.171429
221.733, 0.314286
221.8, 0.228571
221.867, 0.114286
221.933, 0.257143
222, 0.142857
222.067, 0.185714
222.133, 0.257143
222.2, 0.214286
222.267, 0.185714
222.333, 0.0857143
222.4, 0.742857
222.467, 0.357143
222.533, 0.457143
222.6, 0.342857
222.667, 0.385714
222.733, 0.314286
222.8, 0.157143
222.867, 0.257143
222.933, 0.214286
223, 0.271429
223.067, 0.257143
223.133, 0.314286
223.2, 0.3
223.267, 0.228571
223.333, 0.214286
223.4, 0.157143
223.467, 0.385714
223.533, 0.3
223.6, 0.314286
223.667, 0.2
223.733, 0.228571
223.8, 0.185714
223.867, 0.242857
223.933, 0.128571
224, 0.0714286
224.067, 0.771429
224.133, 0.457143
224.2, 0.3
224.267, 0.471429
224.333, 0.357143
224.4, 0.342857
224.467, 0.442857
224.533, 0.457143
224.6, 0.285714
224.667, 0.4
224.733, 0.385714
224.8, 0.285714
224.867, 0.328571
224.933, 0.271429
225, 0.342857
225.067, 0.142857
225.133, 0.142857
225.2, 0.142857
225.267, 0.285714
225.333, 0.171429
225.4, 0.214286
225.467, 0.214286
225.533, 0.242857
225.6, 0.185714
225.667, 0.185714
225.733, 0.771429
225.8, 0.542857
225.867, 0.442857
225.933, 0.414286
226, 0.357143
226.067, 0.314286
226.133, 0.285714
226.2, 0.228571
226.267, 0.314286
226.333, 0.385714
226.4, 0.328571
226.467, 0.357143
226.533, 0.285714
226.6, 0.2
226.667, 0.157143
226.733, 0.257143
226.8, 0.257143
226.867, 0.214286
226.933, 0.128571
227, 0.1
227.067, 0.142857
227.133, 0.114286
227.2, 0.114286
227.267, 0.157143
227.333, 0.0571429
227.4, 0.771429
227.467, 0.442857
227.533, 0.442857
227.6, 0.314286
227.667, 0.242857
227.733, 0.257143
227.8, 0.142857
227.867, 0.185714
227.933, 0.271429
228, 0.285714
228.067, 0.357143
228.133, 0.485714
228.2, 0.242857
228.267, 0.185714
228.333, 0.371429
228.4, 0.357143
228.467, 0.242857
228.533, 0.142857
228.6, 0.114286
228.667, 0.157143
228.733, 0.0857143
228.8, 0.185714
228.867, 0.128571
228.933, 0.114286
229, 0.214286
229.067, 0.785714
229.133, 0.3
229.2, 0.3
229.267, 0.342857
229.333, 0.357143
229.4, 0.3
229.467, 0.457143
229.533, 0.528571
229.6, 0.271429
229.667, 0.2
229.733, 0.128571
229.8, 0.357143
229.867, 0.214286
229.933, 0.2
230, 0.142857
230.067, 0.242857
230.133, 0.214286
230.2, 0.314286
230.267, 0.214286
230.333, 0.2
230.4, 0.157143
230.467, 0.171429
230.533, 0.257143
230.6, 0.242857
230.667, 0.128571
230.733, 0.8
230.8, 0.514286
230.867, 0.442857
230.933, 0.585714
231, 0.5
231.067, 0.242857
231.133, 0.328571
231.2, 0.157143
231.267, 0.371429
231.333, 0.385714
231.4, 0.342857
231.467, 0.242857
231.533, 0.342857
231.6, 0.342857
231.667, 0.314286
231.733, 0.285714
231.8, 0.228571
231.867, 0.214286
231.933, 0.271429
232, 0.242857
232.067, 0.157143
232.133, 0.2
232.2, 0.342857
232.267, 0.157143
232.333, 0.0571429
232.4, 0.785714
232.467, 0.457143
232.533, 0.442857
232.6, 0.328571
232.667, 0.314286
232.733, 0.371429
232.8, 0.242857
232.867, 0.3
232.933, 0.242857
233, 0.3
233.067, 0.3
233.133, 0.557143
233.2, 0.5
233.267, 0.228571
233.333, 0.228571
233.4, 0.6
233.467, 0.328571
233.533, 0.342857
233.6, 0.285714
233.667, 0.342857
233.733, 0.2
233.8, 0.214286
233.867, 0.171429
233.933, 0.214286
234, 0.171429
234.067, 0.8
234.133, 0.371429
234.2, 0.5
234.267, 0.414286
234.333, 0.214286
234.4, 0.285714
234.467, 0.342857
234.533, 0.271429
234.6, 0.0857143
234.667, 0.157143
234.733, 0.3
234.8, 0.328571
234.867, 0.342857
234.933, 0.214286
235, 0.171429
235.067, 0.171429
235.133, 0.271429
235.2, 0.185714
235.267, 0.314286
235.333, 0.185714
235.4, 0.185714
235.467, 0.114286
235.533, 0.2
235.6, 0.142857
235.667, 0.0428571
235.733, 0.771429
235.8, 0.371429
235.867, 0.228571
235.933, 0.285714
236, 0.371429
236.067, 0.342857
236.133, 0.271429
236.2, 0.328571
236.267, 0.2
236.333, 0.2
236.4, 0.2
236.467, 0.385714
236.533, 0.271429
236.6, 0.228571
236.667, 0.371429
236.733, 0.228571
236.8, 0.128571
236.867, 0.214286
236.933, 0.257143
237, 0.3
237.067, 0.257143
237.133, 0.257143
237.2, 0.3
237.267, 0.271429
237.333, 0.157143
237.4, 0.757143
237.467, 0.371429
237.533, 0.314286
237.6, 0.371429
237.667, 0.328571
237.733, 0.2
237.8, 0.2
237.867, 0.3
237.933, 0.114286
238, 0.757143
238.067, 0.442857
238.133, 0.428571
238.2, 0.257143
238.267, 0.528571
238.333, 0.342857
238.4, 0.328571
238.467, 0.3
238.533, 0.328571
238.6, 0.457143
238.667, 0.271429
238.733, 0.357143
238.8, 0.214286
238.867, 0.342857
238.933, 0.228571
239, 0.314286
239.067, 0.171429
239.133, 0.0857143
239.2, 0.228571
239.267, 0.257143
239.333, 0.114286
239.4, 0.142857
239.467, 0.0857143
239.533, 0.185714
239.6, 0.114286
239.667, 0.771429
239.733, 0.342857
239.8, 0.328571
239.867, 0.342857
239.933, 0.314286
240, 0.314286
240.067, 0.314286
240.133, 0.257143
240.2, 0.157143
240.267, 0.285714
240.333, 0.371429
240.4, 0.414286
240.467, 0.285714
240.533, 0.3
240.6, 0.3
240.667, 0.2
240.733, 0.214286
240.8, 0.2
240.867, 0.157143
240.933, 0.114286
241, 0.114286
241.067, 0.114286
241.133, 0.142857
241.2, 0.0857143
241.267, 0.114286
241.333, 0.771429
241.4, 0.457143
241.467, 0.357143
241.533, 0.285714
241.6, 0.485714
241.667, 0.357143
241.733, 0.185714
241.8, 0.242857
241.867, 0.2
241.933, 0.371429
242, 0.276364
242.067, 0.363636
242.133, 0.261818
242.2, 0.349091
242.267, 0.421818
242.333, 0.334545
242.4, 0.349091
242.467, 0.276364
242.533, 0.189091
242.6, 0.247273
242.667, 0.247273
242.733, 0.203636
242.8, 0.16
242.867, 0.261818
242.933, 0.101818
243, 0.785455
243.067, 0.363636
243.133, 0.32
243.2, 0.32
243.267, 0.407273
243.333, 0.349091
243.4, 0.349091
243.467, 0.290909
243.533, 0.189091
243.6, 0.261818
243.667, 0.232727
243.733, 0.305455
243.8, 0.174545
243.867, 0.16
243.933, 0.290909
244, 0.290909
244.067, 0.407273
244.133, 0.174545
244.2, 0.218182
244.267, 0.203636
244.333, 0.174545
244.4, 0.203636
244.467, 0.16
244.533, 0.203636
244.6, 0.0872727
244.667, 0.770909
244.733, 0.334545
244.8, 0.392727
244.867, 0.232727
244.933, 0.261818
245, 0.247273
245.067, 0.218182
245.133, 0.290909
245.2, 0.407273
245.267, 0.290909
245.333, 0.232727
245.4, 0.378182
245.467, 0.363636
245.533, 0.203636
245.6, 0.32
245.667, 0.203636
245.733, 0.247273
245.8, 0.261818
245.867, 0.276364
245.933, 0.218182
246, 0.0872727
246.067, 0.218182
246.133, 0.101818
246.2, 0.130909
246.267, 0.0290909
246.333, 0.8
246.4, 0.334545
246.467, 0.276364
246.533, 0.392727
246.6, 0.290909
246.667, 0.290909
246.733, 0.261818
246.8, 0.16
246.867, 0.189091
246.933, 0.232727
247, 0.0581818
247.067, 0.218182
247.133, 0.145455
247.2, 0.0727273
247.267, 0.218182
247.333, 0.145455
247.4, 0.130909
247.467, 0.305455
247.533, 0.232727
247.6, 0.16
247.667, 0.0727273
247.733, 0.101818
247.8, 0.101818
247.867, 0.101818
247.933, 0.0727273
248, 0.770909
248.067, 0.218182
248.133, 0.232727
248.2, 0.261818
248.267, 0.189091
248.333, 0.290909
248.4, 0.421818
248.467, 0.305455
248.533, 0.32
248.6, 0.189091
248.667, 0.189091
248.733, 0.305455
248.8, 0.290909
248.867, 0.232727
248.933, 0.0727273
249, 0.218182
249.067, 0.276364
249.133, 0.305455
249.2, 0.145455
249.267, 0.247273
249.333, 0.130909
249.4, 0.116364
249.467, 0.174545
249.533, 0.0872727
249.6, 0.116364
249.667, 0.756364
249.733, 0.276364
249.8, 0.305455
249.867, 0.378182
249.933, 0.16
250, 0.174545
250.067, 0.436364
250.133, 0.174545
250.2, 0.290909
250.267, 0.349091
250.333, 0.261818
250.4, 0.261818
250.467, 0.203636
250.533, 0.174545
250.6, 0.32
250.667, 0.305455
250.733, 0.145455
250.8, 0.116364
250.867, 0.363636
250.933, 0.130909
251, 0.189091
251.067, 0.305455
251.133, 0.334545
251.2, 0.174545
251.267, 0.101818
251.333, 0.785455
251.4, 0.349091
251.467, 0.290909
251.533, 0.305455
251.6, 0.247273
251.667, 0.334545
251.733, 0.203636
251.8, 0.349091
251.867, 0.290909
251.933, 0.174545
252, 0.334545
252.067, 0.378182
252.133, 0.334545
252.2, 0.290909
252.267, 0.174545
252.333, 0.305455
252.4, 0.247273
252.467, 0.247273
252.533, 0.116364
252.6, 0.16
252.667, 0.145455
252.733, 0.145455
252.8, 0.189091
252.867, 0.130909
252.933, 0.101818
253, 0.785455
253.067, 0.407273
253.133, 0.218182
253.2, 0.378182
253.267, 0.276364
253.333, 0.32
253.4, 0.276364
253.467, 0.261818
253.533, 0.16
253.6, 0.363636
253.667, 0.305455
253.733, 0.276364
253.8, 0.378182
253.867, 0.363636
253.933, 0.145455
254, 0.218182
254.067, 0.232727
254.133, 0.218182
254.2, 0.218182
254.267, 0.203636
254.333, 0.218182
254.4, 0.276364
254.467, 0.232727
254.533, 0.174545
254.6, 0.0727273
254.667, 0.785455
254.733, 0.450909
254.8, 0.334545
254.867, 0.392727
254.933, 0.436364
255, 0.407273
255.067, 0.203636
255.133, 0.32
255.2, 0.363636
255.267, 0.247273
255.333, 0.203636
255.4, 0.276364
255.467, 0.334545
255.533, 0.232727
255.6, 0.261818
255.667, 0.392727
255.733, 0.247273
255.8, 0.203636
255.867, 0.247273
255.933, 0.276364
256, 0.218182
256.067, 0.189091
256.133, 0.218182
256.2, 0.349091
256.267, 0.0872727
256.333, 0.785455
256.4, 0.494545
256.467, 0.450909
256.533, 0.450909
256.6, 0.261818
256.667, 0.392727
256.733, 0.305455
256.8, 0.305455
256.867, 0.290909
256.933, 0.203636
257, 0.421818
257.067, 0.465455
257.133, 0.363636
257.2, 0.392727
257.267, 0.436364
257.333, 0.378182
257.4, 0.363636
257.467, 0.290909
257.533, 0.378182
257.6, 0.247273
257.667, 0.247273
257.733, 0.290909
257.8, 0.218182
257.867, 0.232727
257.933, 0.203636
258, 0.8
258.067, 0.552727
258.133, 0.378182
258.2, 0.305455
258.267, 0.48
258.333, 0.48
258.4, 0.465455
258.467, 0.276364
258.533, 0.407273
258.6, 0.349091
258.667, 0.290909
258.733, 0.32
258.8, 0.305455
258.867, 0.392727
258.933, 0.305455
259, 0.203636
259.067, 0.232727
259.133, 0.261818
259.2, 0.334545
259.267, 0.232727
259.333, 0.218182
259.4, 0.276364
259.467, 0.349091
259.533, 0.363636
259.6, 0.174545
259.667, 0.785455
259.733, 0.421818
259.8, 0.436364
259.867, 0.436364
259.933, 0.276364
260, 0.436364
260.067, 0.349091
260.133, 0.509091
260.2, 0.276364
260.267, 0.392727
260.333, 0.407273
260.4, 0.436364
260.467, 0.334545
260.533, 0.218182
260.6, 0.276364
260.667, 0.407273
260.733, 0.334545
260.8, 0.218182
260.867, 0.16
260.933, 0.407273
261, 0.378182
261.067, 0.290909
261.133, 0.0872727
261.2, 0.0872727
261.267, 0.130909
261.333, 0.770909
261.4, 0.407273
261.467, 0.421818
261.533, 0.378182
261.6, 0.407273
261.667, 0.407273
261.733, 0.334545
261.8, 0.378182
261.867, 0.32
261.933, 0.334545
262, 0.16
262.067, 0.232727
262.133, 0.290909
262.2, 0.145455
262.267, 0.349091
262.333, 0.203636
262.4, 0.16
262.467, 0.174545
262.533, 0.247273
262.6, 0.247273
262.667, 0.247273
262.733, 0.305455
262.8, 0.203636
262.867, 0.32
262.933, 0.0872727
263, 0.8
263.067, 0.392727
263.133, 0.436364
263.2, 0.421818
263.267, 0.276364
263.333, 0.378182
263.4, 0.276364
263.467, 0.305455
263.533, 0.378182
263.6, 0.261818
263.667, 0.334545
263.733, 0.276364
263.8, 0.203636
263.867, 0.32
263.933, 0.334545
264, 0.349091
264.067, 0.290909
264.133, 0.174545
264.2, 0.349091
264.267, 0.218182
264.333, 0.130909
264.4, 0.130909
264.467, 0.189091
264.533, 0.247273
264.6, 0.0872727
264.667, 0.785455
264.733, 0.421818
264.8, 0.407273
264.867, 0.407273
264.933, 0.407273
265, 0.363636
265.067, 0.247273
265.133, 0.290909
265.2, 0.305455
265.267, 0.247273
265.333, 0.261818
265.4, 0.363636
265.467, 0.32
265.533, 0.290909
265.6, 0.218182
265.667, 0.145455
265.733, 0.290909
265.8, 0.145455
265.867, 0.218182
265.933, 0.145455
266, 0.203636
266.067, 0.0727273
266.133, 0.247273
266.2, 0.218182
266.267, 0.0727273
266.333, 0.770909
266.4, 0.392727
266.467, 0.436364
266.533, 0.261818
266.6, 0.436364
266.667, 0.305455
266.733, 0.669091
266.8, 0.261818
266.867, 0.218182
266.933, 0.32
267, 0.276364
267.067, 0.392727
267.133, 0.145455
267.2, 0.290909
267.267, 0.290909
267.333, 0.421818
267.4, 0.290909
267.467, 0.189091
267.533, 0.247273
267.6, 0.232727
267.667, 0.174545
267.733, 0.174545
267.8, 0.290909
267.867, 0.16
267.933, 0.116364
268, 0.8
268.067, 0.407273
268.133, 0.494545
268.2, 0.523636
268.267, 0.436364
268.333, 0.334545
268.4, 0.32
268.467, 0.378182
268.533, 0.305455
268.6, 0.218182
268.667, 0.276364
268.733, 0.334545
268.8, 0.32
268.867, 0.363636
268.933, 0.290909
269, 0.32
269.067, 0.101818
269.133, 0.232727
269.2, 0.174545
269.267, 0.261818
269.333, 0.261818
269.4, 0.261818
269.467, 0.174545
269.533, 0.16
269.6, 0.16
269.667, 0.756364
269.733, 0.334545
269.8, 0.538182
269.867, 0.261818
269.933, 0.421818
270, 0.450909
270.067, 0.32
270.133, 0.363636
270.2, 0.334545
270.267, 0.261818
270.333, 0.290909
270.4, 0.305455
270.467, 0.305455
270.533, 0.32
270.6, 0.378182
270.667, 0.334545
270.733, 0.203636
270.8, 0.290909
270.867, 0.290909
270.933, 0.276364
271, 0.130909
271.067, 0.247273
271.133, 0.203636
271.2, 0.145455
271.267, 0.0581818
271.333, 0.785455
271.4, 0.407273
271.467, 0.421818
271.533, 0.421818
271.6, 0.349091
271.667, 0.334545
271.733, 0.378182
271.8, 0.334545
271.867, 0.218182
271.933, 0.305455
272, 0.363636
272.067, 0.32
272.133, 0.174545
272.2, 0.305455
272.267, 0.290909
272.333, 0.290909
272.4, 0.290909
272.467, 0.16
272.533, 0.392727
272.6, 0.349091
272.667, 0.203636
272.733, 0.334545
272.8, 0.16
272.867, 0.189091
272.933, 0.203636
273, 0.8
273.067, 0.596364
273.133, 0.523636
273.2, 0.378182
273.267, 0.290909
273.333, 0.436364
273.4, 0.407273
273.467, 0.290909
273.533, 0.305455
273.6, 0.305455
273.667, 0.523636
273.733, 0.567273
273.8, 0.363636
273.867, 0.349091
273.933, 0.378182
274, 0.363636
274.067, 0.523636
274.133, 0.450909
274.2, 0.363636
274.267, 0.48
274.333, 0.581818
274.4, 0.392727
274.467, 0.32
274.533, 0.538182
274.6, 0.247273
274.667, 0.741818
274.733, 0.436364
274.8, 0.523636
274.867, 0.465455
274.933, 0.581818
275, 0.450909
275.067, 0.538182
275.133, 0.509091
275.2, 0.465455
275.267, 0.567273
275.333, 0.450909
275.4, 0.494545
275.467, 0.538182
275.533, 0.538182
275.6, 0.538182
275.667, 0.436364
275.733, 0.407273
275.8, 0.407273
275.867, 0.48
275.933, 0.436364
276, 0.392727
276.067, 0.421818
276.133, 0.450909
276.2, 0.392727
276.267, 0.392727
276.333, 0.8
276.4, 0.637037
276.467, 0.488889
276.533, 0.637037
276.6, 0.533333
276.667, 0.444444
276.733, 0.548148
276.8, 0.488889
276.867, 0.459259
276.933, 0.444444
277, 0.474074
277.067, 0.548148
277.133, 0.414815
277.2, 0.4
277.267, 0.42963
277.333, 0.45283
277.4, 0.369231
277.467, 0.338462
277.533, 0.323077
277.6, 0.423529
277.667, 0.533333
277.733, 0.423529
277.8, 0.501961
277.867, 0.486275
277.933, 0.439216
278, 0.784314
278.067, 0.643137
278.133, 0.627451
278.2, 0.643137
278.267, 0.611765
278.333, 0.611765
278.4, 0.611765
278.467, 0.658824
278.533, 0.690196
278.6, 0.643137
278.667, 0.705882
278.733, 0.67451
278.8, 0.564706
278.867, 0.672
278.933, 0.551111
279, 0.471111
279.067, 0.551111
279.133, 0.577778
279.2, 0.471111
279.267, 0.515556
279.333, 0.515556
279.4, 0.524444
279.467, 0.48
279.533, 0.521348
279.6, 0.51236
279.667, 0.791011
279.733, 0.602247
279.8, 0.548315
279.867, 0.554545
279.933, 0.654545
280, 0.602353
280.067, 0.658824
280.133, 0.630588
280.2, 0.668235
280.267, 0.66506
280.333, 0.682927
280.4, 0.692683
280.467, 0.682927
280.533, 0.661728
280.6, 0.69
280.667, 0.65
280.733, 0.627848
280.8, 0.617721
280.867, 0.688608
280.933, 0.666667
281, 0.664935
281.067, 0.696104
281.133, 0.668493
281.2, 0.60274
281.267, 0.723288
281.333, 0.788889
281.4, 0.6
281.467, 0.642424
281.533, 0.64
281.6, 0.5375
281.667, 0.685714
281.733, 0.670968
281.8, 0.590164
281.867, 0.626667
281.933, 0.68
282, 0.703448
282.067, 0.744828
282.133, 0.758621
282.2, 0.772414
282.267, 0.758621
282.333, 0.74386
282.4, 0.728571
282.467, 0.785455
282.533, 0.756364
282.6, 0.741818
282.667, 0.738462
282.733, 0.752941
282.8, 0.768
282.867, 0.765217
282.933, 0.765217
283, 0.8
283.067, 0.764706
283.133, 0.776119
283.2, 0.763077
283.267, 0.773771
283.333, 0.76
283.4, 0.77037
283.467, 0.785185
283.533, 0.736
283.6, 0.76
283.667, 0.76
283.733, 0.76
283.8, 0.758621
283.867, 0.731034
283.933, 0.758621
284, 0.77193
284.067, 0.756364
284.133, 0.752941
284.2, 0.733333
284.267, 0.785965
284.333, 0.77193
284.4, 0.785714
284.467, 0.757143
284.533, 0.757143
284.6, 0.785714
284.667, 0.8
284.733, 0.769231
284.8, 0.784615
284.867, 0.768627
284.933, 0.8
285, 0.8
285.067, 0.8
285.133, 0.8
285.2, 0.8
285.267, 0.8
285.333, 0.8
285.4, 0.784615
285.467, 0.769231
285.533, 0.783333
285.6, 0.776
285.667, 0.775758
285.733, 0.783838
285.8, 0.783673
285.867, 0.783333
285.933, 0.766316
286, 0.782222
286.067, 0.772727
286.133, 0.771429
286.2, 0.780723
286.267, 0.8
286.333, 0.8
286.4, 0.757895
286.467, 0.789189
286.533, 0.767123
286.6, 0.730435
286.667, 0.765217
286.733, 0.752239
286.8, 0.695082
286.867, 0.773771
286.933, 0.744828
287, 0.757895
287.067, 0.742857
287.133, 0.757143
287.2, 0.741818
287.267, 0.727273
287.333, 0.711111
287.4, 0.77037
287.467, 0.637037
287.533, 0.738462
287.6, 0.676923
287.667, 0.707692
287.733, 0.752941
287.8, 0.752941
287.867, 0.768627
287.933, 0.752
288, 0.8
288.067, 0.768
288.133, 0.767677
288.2, 0.759184
288.267, 0.77551
288.333, 0.749474
288.4, 0.773913
288.467, 0.738462
288.533, 0.735632
288.6, 0.74
288.667, 0.737662
288.733, 0.736
288.8, 0.778082
288.867, 0.722222
288.933, 0.704478
289, 0.7125
289.067, 0.698413
289.133, 0.722581
289.2, 0.695082
289.267, 0.706667
289.333, 0.732203
289.4, 0.729825
289.467, 0.741818
289.533, 0.756364
289.6, 0.740741
289.667, 0.784906
289.733, 0.739623
289.8, 0.739623
289.867, 0.724528
289.933, 0.752941
290, 0.752
290.067, 0.773771
290.133, 0.773771
290.2, 0.773771
290.267, 0.773333
290.333, 0.772414
290.4, 0.772414
290.467, 0.771429
290.533, 0.755556
290.6, 0.738462
290.667, 0.718367
290.733, 0.774737
290.8, 0.757895
290.867, 0.783158
290.933, 0.791304
291, 0.791304
291.067, 0.791209
291.133, 0.8
291.2, 0.789873
291.267, 0.789474
291.333, 0.8
291.4, 0.738462
291.467, 0.749206
291.533, 0.732203
291.6, 0.727273
291.667, 0.740741
291.733, 0.737255
291.8, 0.765957
291.867, 0.765217
291.933, 0.742029
292, 0.751515
292.067, 0.763077
292.133, 0.736508
292.2, 0.747541
292.267, 0.734426
292.333, 0.729825
292.4, 0.727273
292.467, 0.724528
292.533, 0.72
292.6, 0.766316
292.667, 0.732632
292.733, 0.739785
292.8, 0.738462
292.867, 0.728889
292.933, 0.742857
293, 0.790244
293.067, 0.730864
293.133, 0.729114
293.2, 0.727273
293.267, 0.726316
293.333, 0.724324
293.4, 0.708571
293.467, 0.738462
293.533, 0.773771
293.6, 0.76
293.667, 0.772881
293.733, 0.77193
293.8, 0.741818
293.867, 0.77037
293.933, 0.737255
294, 0.75102
294.067, 0.778378
294.133, 0.778378
294.2, 0.767568
294.267, 0.765714
294.333, 0.752941
294.4, 0.761905
294.467, 0.735484
294.533, 0.746667
294.6, 0.772414
294.667, 0.8
294.733, 0.784
294.8, 0.783158
294.867, 0.774468
294.933, 0.791489
295, 0.782796
295.067, 0.782418
295.133, 0.790909
295.2, 0.771765
295.267, 0.790361
295.333, 0.780247
295.4, 0.779747
295.467, 0.779747
295.533, 0.768
295.6, 0.765217
295.667, 0.764706
295.733, 0.775385
295.8, 0.786441
295.867, 0.77193
295.933, 0.736
296, 0.76
296.067, 0.752
296.133, 0.75102
296.2, 0.742268
296.267, 0.741667
296.333, 0.8
296.4, 0.755556
296.467, 0.763636
296.533, 0.771765
296.6, 0.790123
296.667, 0.79
296.733, 0.778667
296.8, 0.766667
296.867, 0.743662
296.933, 0.741176
297, 0.752239
297.067, 0.763636
297.133, 0.763636
297.2, 0.775
297.267, 0.760656
297.333, 0.76
297.4, 0.732203
297.467, 0.745763
297.533, 0.712727
297.6, 0.740741
297.667, 0.676923
297.733, 0.692308
297.8, 0.690196
297.867, 0.688
297.933, 0.756522
298, 0.791111
298.067, 0.754023
298.133, 0.753488
298.2, 0.734884
298.267, 0.751807
298.333, 0.731707
298.4, 0.74
298.467, 0.729114
298.533, 0.737662
298.6, 0.723288
298.667, 0.72
298.733, 0.729412
298.8, 0.70303
298.867, 0.713846
298.933, 0.7125
299, 0.748387
299.067, 0.734426
299.133, 0.693333
299.2, 0.701754
299.267, 0.683636
299.333, 0.643137
299.4, 0.704
299.467, 0.571429
299.533, 0.618182
299.6, 0.631579
299.667, 0.8
299.733, 0.766667
299.8, 0.738462
299.867, 0.8
299.933, 0.779487
300, 0.786441
300.067, 0.786441
300.133, 0.8
300.2, 0.786207
300.267, 0.785714
300.333, 0.785455
300.4, 0.784906
300.467, 0.769231
300.533, 0.769231
300.6, 0.769231
300.667, 0.769231
300.733, 0.738462
300.8, 0.752
300.867, 0.720879
300.933, 0.72967
301, 0.764835
301.067, 0.728889
301.133, 0.728889
301.2, 0.764444
301.267, 0.72809
301.333, 0.8
301.4, 0.733333
301.467, 0.742857
301.533, 0.721951
301.6, 0.729114
301.667, 0.68718
301.733, 0.727273
301.8, 0.713513
301.867, 0.70137
301.933, 0.716418
302, 0.673016
302.067, 0.683871
302.133, 0.721311
302.2, 0.706667
302.267, 0.693333
302.333, 0.675862
302.4, 0.673684
302.467, 0.683636
302.533, 0.679245
302.6, 0.734694
302.667, 0.76
302.733, 0.76
302.8, 0.767347
302.867, 0.767347
302.933, 0.766667
303, 0.8
303.067, 0.764444
303.133, 0.752381
303.2, 0.749367
303.267, 0.758974
303.333, 0.745946
303.4, 0.756164
303.467, 0.766667
303.533, 0.765217
303.6, 0.776119
303.667, 0.78806
303.733, 0.761905
303.8, 0.72381
303.867, 0.718644
303.933, 0.712727
304, 0.725926
304.067, 0.666667
304.133, 0.633962
304.2, 0.739623
304.267, 0.679245
304.333, 0.679245
304.4, 0.64
304.467, 0.776
304.533, 0.768
304.6, 0.77551
304.667, 0.791753
304.733, 0.773034
304.8, 0.754545
304.867, 0.781609
304.933, 0.780952
305, 0.771084
305.067, 0.77037
305.133, 0.757895
305.2, 0.735135
305.267, 0.745205
305.333, 0.733333
305.4, 0.752941
305.467, 0.727273
305.533, 0.7125
305.6, 0.722581
305.667, 0.693333
305.733, 0.689655
305.8, 0.683636
305.867, 0.651852
305.933, 0.681481
306, 0.681481
306.067, 0.666667
306.133, 0.649057
306.2, 0.615385
306.267, 0.630769
306.333, 0.8
306.4, 0.624
306.467, 0.734247
306.533, 0.732394
306.6, 0.718841
306.667, 0.718841
306.733, 0.728358
306.8, 0.727273
306.867, 0.725
306.933, 0.72381
307, 0.72381
307.067, 0.709677
307.133, 0.705085
307.2, 0.698182
307.267, 0.712727
307.333, 0.711111
307.4, 0.705882
307.467, 0.704
307.533, 0.731183
307.6, 0.722581
307.667, 0.755556
307.733, 0.782022
307.8, 0.763218
307.867, 0.771429
307.933, 0.780488
308, 0.8
308.067, 0.778667
308.133, 0.767123
308.2, 0.754286
308.267, 0.776471
308.333, 0.717647
308.4, 0.764179
308.467, 0.752239
308.533, 0.751515
308.6, 0.749206
308.667, 0.749206
308.733, 0.734426
308.8, 0.734426
308.867, 0.734426
308.933, 0.721311
309, 0.693333
309.067, 0.72
309.133, 0.759322
309.2, 0.703448
309.267, 0.731034
309.333, 0.731034
309.4, 0.671429
309.467, 0.685714
309.533, 0.685714
309.6, 0.727273
309.667, 0.785185
309.733, 0.754717
309.8, 0.705882
309.867, 0.721569
309.933, 0.734694
310, 0.735484
310.067, 0.760656
310.133, 0.746667
310.2, 0.772881
310.267, 0.755556
310.333, 0.721569
310.4, 0.731915
310.467, 0.777143
310.533, 0.753623
310.6, 0.765217
310.667, 0.765217
310.733, 0.72381
310.8, 0.738462
310.867, 0.676923
310.933, 0.7
311, 0.709434
311.067, 0.724528
311.133, 0.707692
311.2, 0.707692
311.267, 0.704
311.333, 0.768
311.4, 0.735135
311.467, 0.724324
311.533, 0.721127
311.6, 0.718841
311.667, 0.716418
311.733, 0.7
311.8, 0.725
311.867, 0.696774
311.933, 0.689655
312, 0.701754
312.067, 0.757895
312.133, 0.690196
312.2, 0.714894
312.267, 0.768
312.333, 0.767123
312.4, 0.766667
312.467, 0.766197
312.533, 0.776812
312.6, 0.763636
312.667, 0.7375
312.733, 0.757895
312.8, 0.729825
312.867, 0.698182
312.933, 0.723077
313, 0.8
313.067, 0.76129
313.133, 0.735484
313.2, 0.735484
313.267, 0.734426
313.333, 0.734426
313.4, 0.728571
313.467, 0.728571
313.533, 0.725926
313.6, 0.688
313.667, 0.735632
313.733, 0.735632
313.8, 0.726437
313.867, 0.733333
313.933, 0.721951
314, 0.718987
314.067, 0.716883
314.133, 0.714667
314.2, 0.705882
314.267, 0.713846
314.333, 0.732203
314.4, 0.701754
314.467, 0.698182
314.533, 0.692308
314.6, 0.676923
314.667, 0.784314
314.733, 0.702041
314.8, 0.757447
314.867, 0.757447
314.933, 0.756522
315, 0.756044
315.067, 0.754023
315.133, 0.741463
315.2, 0.746667
315.267, 0.745946
315.333, 0.730435
315.4, 0.761905
315.467, 0.735484
315.533, 0.728571
315.6, 0.709434
315.667, 0.721569
315.733, 0.716667
315.8, 0.743434
315.867, 0.751515
315.933, 0.77551
316, 0.750515
316.067, 0.757895
316.133, 0.747826
316.2, 0.736364
316.267, 0.753488
316.333, 0.8
316.4, 0.736
316.467, 0.735135
316.533, 0.721127
316.6, 0.664789
316.667, 0.731429
316.733, 0.740299
316.8, 0.622222
316.867, 0.670968
316.933, 0.666667
317, 0.673684
317.067, 0.631579
317.133, 0.642857
317.2, 0.610909
317.267, 0.64
317.333, 0.651852
317.4, 0.576
317.467, 0.737662
317.533, 0.675325
317.6, 0.696104
317.667, 0.672
317.733, 0.664789
317.8, 0.670588
317.867, 0.689231
317.933, 0.634921
318, 0.8
318.067, 0.630769
318.133, 0.643137
318.2, 0.583333
318.267, 0.654545
318.333, 0.631579
318.4, 0.631579
318.467, 0.68
318.533, 0.688372
318.6, 0.658824
318.667, 0.682353
318.733, 0.646154
318.8, 0.545455
318.867, 0.488889
318.933, 0.618182
319, 0.533333
319.067, 0.646154
319.133, 0.541176
319.2, 0.512
319.267, 0.433333
319.333, 0.512
319.4, 0.495238
319.467, 0.576
319.533, 0.4
319.6, 0.452174
319.667, 0.8
319.733, 0.463158
319.8, 0.4
319.867, 0.376471
319.933, 0.488889
320, 0.282353
320.067, 0.3
320.133, 0.44
320.2, 0.376471
320.267, 0.329412
320.333, 0.44
320.4, 0.488889
320.467, 0.470588
320.533, 0.32
320.6, 0.48
320.667, 0.452174
320.733, 0.363636
320.8, 0.436364
320.867, 0.342857
320.933, 0.48
321, 0.452174
321.067, 0.304762
321.133, 0.419048
321.2, 0.436364
321.267, 0.313043
321.333, 0.765217
321.4, 0.448
321.467, 0.457143
321.533, 0.419048
321.6, 0.56
321.667, 0.4
321.733, 0.509091
321.8, 0.457143
321.867, 0.433333
321.933, 0.363636
322, 0.4
322.067, 0.44
322.133, 0.342857
322.2, 0.32
322.267, 0.8
322.333, 0.24
322.4, 0.16
322.467, 0.16
322.533, 0
322.6, 0.08
322.667, 0.145455
322.733, 0.369231
322.8, 0.266667
322.867, 0.246154
322.933, 0.246154
323, 0.533333
323.067, 0.285714
323.133, 0.4
323.2, 0.2
323.267, 0.307692
323.333, 0.333333
323.4, 0.2
323.467, 0.342857
323.533, 0.145455
323.6, 0.333333
323.667, 0.35
323.733, 0.35
323.8, 0.32
323.867, 0.4
323.933, 0.693333
324, 0.363636
324.067, 0.16
324.133, 0.08
324.2, 0.16
324.267, 0.2
324.333, 0.133333
324.4, 0.145455
324.467, 0
324.533, 0.123077
324.6, 0.184615
324.667, 0.342857
324.733, 0.218182
324.8, 0.369231
324.867, 0.2
324.933, 0.133333
325, 0.145455
325.067, 0.08
325.133, 0.218182
325.2, 0.218182
325.267, 0.0727273
325.333, 0.145455
325.4, 0.363636
325.467, 0.290909
325.533, 0.133333
325.6, 0.8
325.667, 0.114286
325.733, 0.114286
325.8, 0.2
325.867, 0.4
325.933, 0.228571
326, 0.3
326.067, 0.1
326.133, 0.1
326.2, 0.24
326.267, 0.16
326.333, 0.4
326.4, 0.0888889
326.467, 0.533333
326.533, 0.470588
326.6, 0.654545
326.667, 0.685714
326.733, 0.564706
326.8, 0.666667
326.867, 0.65
326.933, 0.66087
327, 0.628571
327.067, 0.592593
327.133, 0.566667
327.2, 0.433333
327.267, 0.765217
327.333, 0.52
327.4, 0.533333
327.467, 0.505263
327.533, 0.488889
327.6, 0.4
327.667, 0.514286
327.733, 0.488889
327.8, 0.505263
327.867, 0.423529
327.933, 0.444444
328, 0.492308
328.067, 0.48
328.133, 0.533333
328.2, 0.48
328.267, 0.48
328.333, 0.581818
328.4, 0.44
328.467, 0.342857
328.533, 0.609524
328.6, 0.577778
328.667, 0.6
328.733, 0.608
328.8, 0.633333
328.867, 0.618182
328.933, 0.757895
329, 0.6
329.067, 0.547368
329.133, 0.591304
329.2, 0.571429
329.267, 0.685714
329.333, 0.652632
329.4, 0.669767
329.467, 0.683333
329.533, 0.656
329.6, 0.656
329.667, 0.64
329.733, 0.683333
329.8, 0.646809
329.867, 0.663415
329.933, 0.609524
330, 0.632558
330.067, 0.595349
330.133, 0.590476
330.2, 0.609524
330.267, 0.589474
330.333, 0.555556
330.4, 0.555556
330.467, 0.541176
330.533, 0.517647
330.6, 0.8
330.667, 0.571429
330.733, 0.556522
330.8, 0.457143
330.867, 0.4
330.933, 0.355556
331, 0.470588
331.067, 0.373333
331.133, 0.35
331.2, 0.533333
331.267, 0.55
331.333, 0.666667
331.4, 0.56
331.467, 0.6
331.533, 0.564706
331.6, 0.577778
331.667, 0.65
331.733, 0.634483
331.8, 0.628571
331.867, 0.589474
331.933, 0.646154
332, 0.675
332.067, 0.633333
332.133, 0.662069
332.2, 0.67027
332.267, 0.8
332.333, 0.646154
332.4, 0.64
332.467, 0.682353
332.533, 0.64
332.6, 0.657143
332.667, 0.666667
332.733, 0.651852
332.8, 0.633333
332.867, 0.658824
332.933, 0.625
333, 0.626087
333.067, 0.65
333.133, 0.647619
333.2, 0.631579
333.267, 0.606061
333.333, 0.663415
333.4, 0.693333
333.467, 0.589474
333.533, 0.688889
333.6, 0.678788
333.667, 0.654545
333.733, 0.738462
333.8, 0.689655
333.867, 0.696774
333.933, 0.8
334, 0.654545
334.067, 0.666667
334.133, 0.52
334.2, 0.457143
334.267, 0.608
334.333, 0.556522
334.4, 0.452174
334.467, 0.495238
334.533, 0.505263
334.6, 0.5
334.667, 0.5
334.733, 0.4
334.8, 0.4
334.867, 0.44
334.933, 0.423529
335, 0.56
335.067, 0.533333
335.133, 0.571429
335.2, 0.544
335.267, 0.521739
335.333, 0.486957
335.4, 0.48
335.467, 0.495238
335.533, 0.509091
335.6, 0.761905
335.667, 0.591304
335.733, 0.512
335.8, 0.589474
335.867, 0.584615
335.933, 0.64
336, 0.591304
336.067, 0.545455
336.133, 0.566667
336.2, 0.647619
336.267, 0.654545
336.333, 0.626087
336.4, 0.64
336.467, 0.56
336.533, 0.609524
336.6, 0.690909
336.667, 0.56
336.733, 0.533333
336.8, 0.545455
336.867, 0.472727
336.933, 0.633333
337, 0.5
337.067, 0.486957
337.133, 0.486957
337.2, 0.495238
337.267, 0.8
337.333, 0.6
337.4, 0.673684
337.467, 0.66087
337.533, 0.666667
337.6, 0.757895
337.667, 0.72
337.733, 0.64
337.8, 0.631579
337.867, 0.571429
337.933, 0.5
338, 0.589474
338.067, 0.4
338.133, 0.65
338.2, 0.586667
338.267, 0.4
338.333, 0.64
338.4, 0.4
338.467, 0.369231
338.533, 0.55
338.6, 0.517647
338.667, 0.666667
338.733, 0.76
338.8, 0.666667
338.867, 0.651852
338.933, 0.8
339, 0.615385
339.067, 0.6
339.133, 0.56
339.2, 0.6
339.267, 0.646154
339.333, 0.591304
339.4, 0.615385
339.467, 0.64
339.533, 0.666667
339.6, 0.738462
339.667, 0.566667
339.733, 0.615385
339.8, 0.628571
339.867, 0.533333
339.933, 0.676923
340, 0.545455
340.067, 0.545455
340.133, 0.505263
340.2, 0.421053
340.267, 0.419048
340.333, 0.4
340.4, 0.609524
340.467, 0.472727
340.533, 0.419048
340.6, 0.76
340.667, 0.577778
340.733, 0.4
340.8, 0.577778
340.867, 0.266667
340.933, 0.376471
341, 0.48
341.067, 0.373333
341.133, 0.307692
341.2, 0.4
341.267, 0.228571
341.333, 0.4
341.4, 0.266667
341.467, 0.266667
341.533, 0.333333
341.6, 0.363636
341.667, 0.24
341.733, 0.24
341.8, 0.72
341.867, 0.56
341.933, 0.8
342, 0.727273
342.067, 0.705882
342.133, 0.8
342.2, 0.622222
342.267, 0.8
342.333, 0.514286
342.4, 0.4
342.467, 0.470588
342.533, 0.6
342.6, 0.4
342.667, 0.5
342.733, 0.3
342.8, 0.333333
342.867, 0.285714
342.933, 0.228571
343, 0.4
343.067, 0.342857
343.133, 0.285714
343.2, 0.0666667
343.267, 0.133333
343.333, 0.333333
343.4, 0.184615
343.467, 0.369231
343.533, 0.333333
343.6, 0.0666667
343.667, 0.0666667
343.733, 0.2
343.8, 0.133333
343.867, 0.0666667
343.933, 0.733333
344, 0.266667
344.067, 0.32
344.133, 0.0888889
344.2, 0.0888889
344.267, 0.0888889
344.333, 0.266667
344.4, 0.355556
344.467, 0.266667
344.533, 0.177778
344.6, 0.355556
344.667, 0.266667
344.733, 0.16
344.8, 0.32
344.867, 0.32
344.933, 0.32
345, 0.32
345.067, 0.16
345.133, 0.32
345.2, 0.24
345.267, 0.16
345.333, 0.16
345.4, 0
345.467, 0
345.533, 0.08
345.6, 0.72
345.667, 0.08
345.733, 0.08
345.8, 0.08
345.867, 0
345.933, 0.2
346, 0.133333
346.067, 0.246154
346.133, 0.2
346.2, 0.133333
346.267, 0.2
346.333, 0.666667
346.4, 0.218182
346.467, 0.2
346.533, 0.0666667
346.6, 0.218182
346.667, 0
346.733, 0.0666667
346.8, 0.246154
346.867, 0.2
346.933, 0.133333
347, 0.184615
347.067, 0
347.133, 0.184615
347.2, 0.246154
347.267, 0.123077
347.333, 0.246154
347.4, 0.369231
347.467, 0.123077
347.533, 0.369231
347.6, 0.369231
347.667, 0.246154
347.733, 0.0615385
347.8, 0.184615
347.867, 0.228571
347.933, 0.285714
348, 0.676923
348.067, 0.436364
348.133, 0.355556
348.2, 0.48
348.267, 0.16
348.333, 0.177778
348.4, 0.24
348.467, 0.16
348.533, 0.0888889
348.6, 0.0888889
348.667, 0.16
348.733, 0.355556
348.8, 0.363636
348.867, 0.290909
348.933, 0.08
349, 0
349.067, 0.24
349.133, 0.0727273
349.2, 0.08
349.267, 0.145455
349.333, 0.145455
349.4, 0.0666667
349.467, 0.133333
349.533, 0.0615385
349.6, 0
349.667, 0.654545
349.733, 0.145455
349.8, 0.16
349.867, 0.218182
349.933, 0.218182
350, 0.363636
350.067, 0.509091
350.133, 0.08
350.2, 0.16
350.267, 0.08
350.333, 0
350.4, 0.290909
350.467, 0.0727273
350.533, 0.266667
350.6, 0.470588
350.667, 0.4
350.733, 0.307692
350.8, 0.336842
350.867, 0.426667
350.933, 0.472727
351, 0.457143
351.067, 0.4
351.133, 0.448
351.2, 0.48
351.267, 0.512
351.333, 0.77037
351.4, 0.551724
351.467, 0.551724
351.533, 0.516129
351.6, 0.57931
351.667, 0.56
351.733, 0.533333
351.8, 0.5
351.867, 0.541936
351.933, 0.516129
352, 0.541936
352.067, 0.64
352.133, 0.714286
352.2, 0.657143
352.267, 0.672
352.333, 0.736
352.4, 0.733333
352.467, 0.740741
352.533, 0.704
352.6, 0.8
352.667, 0.8
352.733, 0.8
352.8, 0.8
352.867, 0.779487
352.933, 0.8
353, 0.8
353.067, 0.8
353.133, 0.8
353.2, 0.777778
353.267, 0.8
353.333, 0.76
353.4, 0.8
353.467, 0.760976
353.533, 0.781818
353.6, 0.782609
353.667, 0.8
353.733, 0.782609
353.8, 0.763636
353.867, 0.767347
353.933, 0.8
354, 0.756757
354.067, 0.782979
354.133, 0.751515
354.2, 0.738462
354.267, 0.737255
354.333, 0.768627
354.4, 0.768627
354.467, 0.67451
354.533, 0.67451
354.6, 0.721569
354.667, 0.784314
354.733, 0.680851
354.8, 0.606897
354.867, 0.682927
354.933, 0.733333
355, 0.688
355.067, 0.678261
355.133, 0.697872
355.2, 0.67451
355.267, 0.672
355.333, 0.7
355.4, 0.72
355.467, 0.692537
355.533, 0.704478
355.6, 0.715151
355.667, 0.652308
355.733, 0.632258
355.8, 0.708197
355.867, 0.681967
355.933, 0.693333
356, 0.689655
356.067, 0.631579
356.133, 0.577778
356.2, 0.588679
356.267, 0.649057
356.333, 0.8
356.4, 0.569231
356.467, 0.569231
356.533, 0.624
356.6, 0.634483
356.667, 0.648276
356.733, 0.606897
356.8, 0.62069
356.867, 0.551724
356.933, 0.62069
357, 0.648276
357.067, 0.606897
357.133, 0.645614
357.2, 0.631579
357.267, 0.614286
357.333, 0.538462
357.4, 0.569231
357.467, 0.627451
357.533, 0.564706
357.6, 0.501961
357.667, 0.470588
357.733, 0.486275
357.8, 0.580392
357.867, 0.54902
357.933, 0.470588
358, 0.8
358.067, 0.592
358.133, 0.64
358.2, 0.64
358.267, 0.615385
358.333, 0.689231
358.4, 0.625
358.467, 0.685714
358.533, 0.610169
358.6, 0.614286
358.667, 0.528571
358.733, 0.581818
358.8, 0.45283
358.867, 0.513208
358.933, 0.528302
359, 0.446154
359.067, 0.569231
359.133, 0.461538
359.2, 0.584615
359.267, 0.584615
359.333, 0.523077
359.4, 0.369231
359.467, 0.415385
359.533, 0.533333
359.6, 0.360784
359.667, 0.768627
359.733, 0.517647
359.8, 0.496
359.867, 0.616
359.933, 0.64
360, 0.656
360.067, 0.606061
360.133, 0.643299
360.2, 0.585567
360.267, 0.608333
360.333, 0.597895
360.4, 0.67234
360.467, 0.67234
360.533, 0.622222
360.6, 0.575281
360.667, 0.634483
360.733, 0.616092
360.8, 0.56092
360.867, 0.623256
360.933, 0.576744
361, 0.493023
361.067, 0.651163
361.133, 0.576744
361.2, 0.555294
361.267, 0.564706
361.333, 0.790588
361.4, 0.53012
361.467, 0.607229
361.533, 0.607229
361.6, 0.549398
361.667, 0.520482
361.733, 0.462651
361.8, 0.453012
361.867, 0.546341
361.933, 0.526829
362, 0.556098
362.067, 0.595122
362.133, 0.582716
362.2, 0.454321
362.267, 0.582716
362.333, 0.553086
362.4, 0.434568
362.467, 0.42
362.533, 0.52
362.6, 0.394937
362.667, 0.41519
362.733, 0.374684
362.8, 0.344304
362.867, 0.379487
362.933, 0.379487
363, 0.789744
363.067, 0.522667
363.133, 0.508108
363.2, 0.540541
363.267, 0.4
363.333, 0.540541
363.4, 0.540541
363.467, 0.367568
363.533, 0.52973
363.6, 0.464865
363.667, 0.410811
363.733, 0.551351
363.8, 0.508108
363.867, 0.317808
363.933, 0.361644
364, 0.471233
364.067, 0.383562
364.133, 0.466667
364.2, 0.466667
364.267, 0.422222
364.333, 0.477778
364.4, 0.355556
364.467, 0.366667
364.533, 0.388889
364.6, 0.333333
364.667, 0.8
364.733, 0.51831
364.8, 0.51831
364.867, 0.428169
364.933, 0.473239
365, 0.434286
365.067, 0.422857
365.133, 0.411429
365.2, 0.514286
365.267, 0.434286
365.333, 0.428986
365.4, 0.57971
365.467, 0.44058
365.533, 0.428986
365.6, 0.486957
365.667, 0.44058
365.733, 0.475362
365.8, 0.405797
365.867, 0.405797
365.933, 0.405797
366, 0.475362
366.067, 0.405797
366.133, 0.475362
366.2, 0.475362
366.267, 0.475362
366.333, 0.8
366.4, 0.626087
366.467, 0.626087
366.533, 0.533333
366.6, 0.517647
366.667, 0.564706
366.733, 0.776471
366.8, 0.529412
366.867, 0.460606
366.933, 0.467692
367, 0.381538
367.067, 0.64
367.133, 0.467692
367.2, 0.553846
367.267, 0.578462
367.333, 0.406154
367.4, 0.418462
367.467, 0.430769
367.533, 0.406154
367.6, 0.455385
367.667, 0.356923
367.733, 0.369231
367.8, 0.332308
367.867, 0.32
367.933, 0.381538
368, 0.8
368.067, 0.45
368.133, 0.516129
368.2, 0.451613
368.267, 0.490323
368.333, 0.464516
368.4, 0.412903
368.467, 0.412903
368.533, 0.451613
368.6, 0.348387
368.667, 0.387097
368.733, 0.472131
368.8, 0.432787
368.867, 0.340984
368.933, 0.393443
369, 0.314754
369.067, 0.354098
369.133, 0.314754
369.2, 0.262295
369.267, 0.380328
369.333, 0.301639
369.4, 0.301639
369.467, 0.340984
369.533, 0.24918
369.6, 0.236066
369.667, 0.786885
369.733, 0.563934
369.8, 0.603279
369.867, 0.406557
369.933, 0.498361
370, 0.432787
370.067, 0.380328
370.133, 0.380328
370.2, 0.52459
370.267, 0.406557
370.333, 0.367213
370.4, 0.419672
370.467, 0.314754
370.533, 0.380328
370.6, 0.27541
370.667, 0.314754
370.733, 0.367213
370.8, 0.367213
370.867, 0.367213
370.933, 0.466667
371, 0.386667
371.067, 0.28
371.133, 0.373333
371.2, 0.16
371.267, 0.306667
371.333, 0.8
371.4, 0.59661
371.467, 0.583051
371.533, 0.461017
371.6, 0.537931
371.667, 0.413793
371.733, 0.413793
371.8, 0.482759
371.867, 0.413793
371.933, 0.4
372, 0.413793
372.067, 0.344828
372.133, 0.524138
372.2, 0.441379
372.267, 0.441379
372.333, 0.496552
372.4, 0.468966
372.467, 0.496552
372.533, 0.4
372.6, 0.496552
372.667, 0.358621
372.733, 0.537931
372.8, 0.4
372.867, 0.358621
372.933, 0.372414
373, 0.8
373.067, 0.575439
373.133, 0.519298
373.2, 0.491228
373.267, 0.449123
373.333, 0.561404
373.4, 0.561404
373.467, 0.463158
373.533, 0.407018
373.6, 0.435088
373.667, 0.364912
373.733, 0.407018
373.8, 0.294737
373.867, 0.350877
373.933, 0.463158
374, 0.435088
374.067, 0.449123
374.133, 0.280702
374.2, 0.463158
374.267, 0.392982
374.333, 0.435088
374.4, 0.414286
374.467, 0.414286
374.533, 0.3
374.6, 0.314286
374.667, 0.785455
374.733, 0.625455
374.8, 0.523636
374.867, 0.552727
374.933, 0.48
375, 0.340741
375.067, 0.414815
375.133, 0.444444
375.2, 0.42963
375.267, 0.377358
375.333, 0.362264
375.4, 0.45283
375.467, 0.34717
375.533, 0.392453
375.6, 0.362264
375.667, 0.301887
375.733, 0.377358
375.8, 0.301887
375.867, 0.271698
375.933, 0.377358
376, 0.377358
376.067, 0.362264
376.133, 0.301887
376.2, 0.316981
376.267, 0.286792
376.333, 0.8
376.4, 0.407547
376.467, 0.422642
376.533, 0.407547
376.6, 0.34717
376.667, 0.301887
376.733, 0.271698
376.8, 0.45283
376.867, 0.467925
376.933, 0.316981
377, 0.45283
377.067, 0.498113
377.133, 0.467925
377.2, 0.392453
377.267, 0.271698
377.333, 0.271698
377.4, 0.211321
377.467, 0.301887
377.533, 0.332075
377.6, 0.256604
377.667, 0.241509
377.733, 0.301887
377.8, 0.392453
377.867, 0.150943
377.933, 0.181132
378, 0.8
378.067, 0.573585
378.133, 0.45283
378.2, 0.467925
378.267, 0.45283
378.333, 0.34717
378.4, 0.362264
378.467, 0.271698
378.533, 0.392453
378.6, 0.437736
378.667, 0.271698
378.733, 0.45283
378.8, 0.332075
378.867, 0.437736
378.933, 0.45283
379, 0.316981
379.067, 0.241509
379.133, 0.211321
379.2, 0.256604
379.267, 0.211321
379.333, 0.241509
379.4, 0.316981
379.467, 0.241509
379.533, 0.316981
379.6, 0.241509
379.667, 0.8
379.733, 0.573585
379.8, 0.422642
379.867, 0.377358
379.933, 0.362264
380, 0.362264
380.067, 0.362264
380.133, 0.316981
380.2, 0.362264
380.267, 0.286792
380.333, 0.392453
380.4, 0.422642
380.467, 0.407547
380.533, 0.241509
380.6, 0.226415
380.667, 0.196226
380.733, 0.286792
380.8, 0.392453
380.867, 0.301887
380.933, 0.332075
381, 0.286792
381.067, 0.332075
381.133, 0.286792
381.2, 0.271698
381.267, 0.196226
381.333, 0.8
381.4, 0.422642
381.467, 0.332075
381.533, 0.377358
381.6, 0.332075
381.667, 0.362264
381.733, 0.45283
381.8, 0.196226
381.867, 0.316981
381.933, 0.286792
382, 0.316981
382.067, 0.332075
382.133, 0.392453
382.2, 0.332075
382.267, 0.211321
382.333, 0.316981
382.4, 0.422642
