Time, Queue-Density
0.0666667, 0.205464
0.133333, 0.205659
0.2, 0.206235
0.266667, 0.208302
0.333333, 0.21115
0.4, 0.213071
0.466667, 0.216079
0.533333, 0.220162
0.6, 0.221021
0.666667, 0.22268
0.733333, 0.224888
0.8, 0.226161
0.866667, 0.227123
0.933333, 0.227423
1, 0.227707
1.06667, 0.227104
1.13333, 0.22655
1.2, 0.22611
1.26667, 0.224777
1.33333, 0.221783
1.4, 0.222543
1.46667, 0.223015
1.53333, 0.222897
1.6, 0.22294
1.66667, 0.224267
1.73333, 0.226777
1.8, 0.22778
1.86667, 0.230555
1.93333, 0.232581
2, 0.232952
2.06667, 0.233122
2.13333, 0.233541
2.2, 0.233638
2.26667, 0.233397
2.33333, 0.23346
2.4, 0.233565
2.46667, 0.232092
2.53333, 0.231738
2.6, 0.231798
2.66667, 0.231098
2.73333, 0.230776
2.8, 0.230633
2.86667, 0.230436
2.93333, 0.230974
3, 0.229633
3.06667, 0.229652
3.13333, 0.229971
3.2, 0.229809
3.26667, 0.230114
3.33333, 0.230144
3.4, 0.231395
3.46667, 0.232952
3.53333, 0.236227
3.6, 0.238297
3.66667, 0.242064
3.73333, 0.245585
3.8, 0.246933
3.86667, 0.250605
3.93333, 0.254464
4, 0.256634
4.06667, 0.259125
4.13333, 0.260063
4.2, 0.260368
4.26667, 0.259909
4.33333, 0.258917
4.4, 0.258977
4.46667, 0.257939
4.53333, 0.256202
4.6, 0.255704
4.66667, 0.251394
4.73333, 0.249092
4.8, 0.248279
4.86667, 0.245952
4.93333, 0.244306
5, 0.242996
5.06667, 0.240712
5.13333, 0.239453
5.2, 0.239099
5.26667, 0.237907
5.33333, 0.238043
5.4, 0.238994
5.46667, 0.241172
5.53333, 0.246303
5.6, 0.249643
5.66667, 0.256891
5.73333, 0.265576
5.8, 0.270113
5.86667, 0.278298
5.93333, 0.286137
6, 0.28881
6.06667, 0.296233
6.13333, 0.301291
6.2, 0.302494
6.26667, 0.304169
6.33333, 0.300178
6.4, 0.302202
6.46667, 0.304461
6.53333, 0.305571
6.6, 0.306204
6.66667, 0.30488
6.73333, 0.304558
6.8, 0.304242
6.86667, 0.302172
6.93333, 0.298267
7, 0.29677
7.06667, 0.292849
7.13333, 0.290774
7.2, 0.289685
7.26667, 0.288855
7.33333, 0.287975
7.4, 0.287866
7.46667, 0.287023
7.53333, 0.286775
7.6, 0.287439
7.66667, 0.288723
7.73333, 0.289496
7.8, 0.289655
7.86667, 0.289669
7.93333, 0.290374
8, 0.288183
8.06667, 0.288039
8.13333, 0.287696
8.2, 0.287983
8.26667, 0.286958
8.33333, 0.286875
8.4, 0.287599
8.46667, 0.286515
8.53333, 0.285434
8.6, 0.285548
8.66667, 0.285005
8.73333, 0.284672
8.8, 0.285113
8.86667, 0.284129
8.93333, 0.283759
9, 0.283943
9.06667, 0.283102
9.13333, 0.282235
9.2, 0.282854
9.26667, 0.282076
9.33333, 0.282394
9.4, 0.283221
9.46667, 0.28337
9.53333, 0.283475
9.6, 0.283756
9.66667, 0.281719
9.73333, 0.281065
9.8, 0.280606
9.86667, 0.279154
9.93333, 0.278163
10, 0.277363
10.0667, 0.275958
10.1333, 0.275096
10.2, 0.274952
10.2667, 0.273996
10.3333, 0.273588
10.4, 0.272972
10.4667, 0.272229
10.5333, 0.271313
10.6, 0.270996
10.6667, 0.270769
10.7333, 0.27095
10.8, 0.270761
10.8667, 0.270383
10.9333, 0.269583
11, 0.269561
11.0667, 0.269553
11.1333, 0.269056
11.2, 0.269156
11.2667, 0.268794
11.3333, 0.266249
11.4, 0.266978
11.4667, 0.266721
11.5333, 0.266313
11.6, 0.266424
11.6667, 0.265692
11.7333, 0.265414
11.8, 0.26526
11.8667, 0.264808
11.9333, 0.264622
12, 0.264646
12.0667, 0.264341
12.1333, 0.263846
12.2, 0.263898
12.2667, 0.26396
12.3333, 0.26363
12.4, 0.263717
12.4667, 0.263538
12.5333, 0.263454
12.6, 0.263449
12.6667, 0.263398
12.7333, 0.263611
12.8, 0.263806
12.8667, 0.263298
12.9333, 0.263244
13, 0.262555
13.0667, 0.262882
13.1333, 0.263068
13.2, 0.263357
13.2667, 0.263276
13.3333, 0.263341
13.4, 0.263676
13.4667, 0.263838
13.5333, 0.264208
13.6, 0.264527
13.6667, 0.264595
13.7333, 0.264627
13.8, 0.264633
13.8667, 0.264722
13.9333, 0.264638
14, 0.264643
14.0667, 0.264943
14.1333, 0.264706
14.2, 0.264897
14.2667, 0.264727
14.3333, 0.265076
14.4, 0.264981
14.4667, 0.264827
14.5333, 0.264987
14.6, 0.265338
14.6667, 0.262868
14.7333, 0.263503
14.8, 0.264062
14.8667, 0.263889
14.9333, 0.264133
15, 0.264216
15.0667, 0.264017
15.1333, 0.263908
15.2, 0.263708
15.2667, 0.263652
15.3333, 0.26373
15.4, 0.26383
15.4667, 0.263854
15.5333, 0.264046
15.6, 0.263979
15.6667, 0.264446
15.7333, 0.264354
15.8, 0.264298
15.8667, 0.264076
15.9333, 0.263384
16, 0.262822
16.0667, 0.262622
16.1333, 0.262876
16.2, 0.262671
16.2667, 0.262987
16.3333, 0.261303
16.4, 0.261374
16.4667, 0.261914
16.5333, 0.262338
16.6, 0.26249
16.6667, 0.263033
16.7333, 0.263276
16.8, 0.263322
16.8667, 0.263668
16.9333, 0.263762
17, 0.263765
17.0667, 0.263914
17.1333, 0.264173
17.2, 0.264035
17.2667, 0.264057
17.3333, 0.264162
17.4, 0.264435
17.4667, 0.264316
17.5333, 0.264252
17.6, 0.264227
17.6667, 0.263889
17.7333, 0.263698
17.8, 0.263906
17.8667, 0.263719
17.9333, 0.263652
18, 0.261671
18.0667, 0.261609
18.1333, 0.26162
18.2, 0.262068
18.2667, 0.26216
18.3333, 0.263641
18.4, 0.264554
18.4667, 0.266559
18.5333, 0.269186
18.6, 0.270505
18.6667, 0.273264
18.7333, 0.276177
18.8, 0.277852
18.8667, 0.281265
18.9333, 0.283678
19, 0.284753
19.0667, 0.286596
19.1333, 0.287915
19.2, 0.288229
19.2667, 0.288734
19.3333, 0.289266
19.4, 0.289599
19.4667, 0.289412
19.5333, 0.289377
19.6, 0.289423
19.6667, 0.286588
19.7333, 0.287123
19.8, 0.286786
19.8667, 0.287204
19.9333, 0.287937
20, 0.288934
20.0667, 0.29008
20.1333, 0.291466
20.2, 0.292028
20.2667, 0.293141
20.3333, 0.294438
20.4, 0.294881
20.4667, 0.296157
20.5333, 0.296616
20.6, 0.296619
20.6667, 0.296219
20.7333, 0.295773
20.8, 0.295673
20.8667, 0.293895
20.9333, 0.293563
21, 0.292657
21.0667, 0.290374
21.1333, 0.287902
21.2, 0.28675
21.2667, 0.284729
21.3333, 0.281384
21.4, 0.280878
21.4667, 0.279181
21.5333, 0.278352
21.6, 0.278214
21.6667, 0.277557
21.7333, 0.27666
21.8, 0.27599
21.8667, 0.275136
21.9333, 0.274628
22, 0.274034
22.0667, 0.273336
22.1333, 0.272193
22.2, 0.271567
22.2667, 0.270448
22.3333, 0.269213
22.4, 0.26867
22.4667, 0.267635
22.5333, 0.266573
22.6, 0.266127
22.6667, 0.265559
22.7333, 0.266319
22.8, 0.266902
22.8667, 0.267748
22.9333, 0.268956
23, 0.266378
23.0667, 0.268421
23.1333, 0.269967
23.2, 0.270578
23.2667, 0.271053
23.3333, 0.271167
23.4, 0.271153
23.4667, 0.271286
23.5333, 0.271213
23.6, 0.271161
23.6667, 0.271221
23.7333, 0.27125
23.8, 0.271102
23.8667, 0.270869
23.9333, 0.270891
24, 0.271013
24.0667, 0.270934
24.1333, 0.271013
24.2, 0.270899
24.2667, 0.270972
24.3333, 0.271296
24.4, 0.271237
24.4667, 0.271426
24.5333, 0.271196
24.6, 0.271213
24.6667, 0.269548
24.7333, 0.269751
24.8, 0.269907
24.8667, 0.269824
24.9333, 0.269637
25, 0.269589
25.0667, 0.269426
25.1333, 0.269561
25.2, 0.26958
25.2667, 0.269405
25.3333, 0.269462
25.4, 0.270229
25.4667, 0.271094
25.5333, 0.272115
25.6, 0.273001
25.6667, 0.274482
25.7333, 0.275836
25.8, 0.276236
25.8667, 0.277687
25.9333, 0.279111
26, 0.279843
26.0667, 0.280106
26.1333, 0.28086
26.2, 0.281043
26.2667, 0.281432
26.3333, 0.28037
26.4, 0.28073
26.4667, 0.281346
26.5333, 0.282078
26.6, 0.282265
26.6667, 0.282508
26.7333, 0.284721
26.8, 0.286183
26.8667, 0.290588
26.9333, 0.296203
27, 0.29937
27.0667, 0.306323
27.1333, 0.313492
27.2, 0.317351
27.2667, 0.325465
27.3333, 0.332953
27.4, 0.338025
27.4667, 0.346589
27.5333, 0.35572
27.6, 0.360359
27.6667, 0.369571
27.7333, 0.37917
27.8, 0.383269
27.8667, 0.391392
27.9333, 0.399566
28, 0.39645
28.0667, 0.403057
28.1333, 0.410402
28.2, 0.413566
28.2667, 0.421508
28.3333, 0.428864
28.4, 0.431093
28.4667, 0.435341
28.5333, 0.440043
28.6, 0.442337
28.6667, 0.44715
28.7333, 0.45193
28.8, 0.45467
28.8667, 0.460537
28.9333, 0.465709
29, 0.468446
29.0667, 0.473088
29.1333, 0.476609
29.2, 0.477136
29.2667, 0.478809
29.3333, 0.480503
29.4, 0.480947
29.4667, 0.481076
29.5333, 0.479903
29.6, 0.480698
29.6667, 0.479263
29.7333, 0.480293
29.8, 0.480439
29.8667, 0.481014
29.9333, 0.480001
30, 0.479398
30.0667, 0.478628
30.1333, 0.478658
30.2, 0.478355
30.2667, 0.478088
30.3333, 0.478577
30.4, 0.479155
30.4667, 0.479341
30.5333, 0.480298
30.6, 0.47962
30.6667, 0.478893
30.7333, 0.479733
30.8, 0.480239
30.8667, 0.479668
30.9333, 0.479241
31, 0.47916
31.0667, 0.479096
31.1333, 0.478147
31.2, 0.477844
31.2667, 0.477269
31.3333, 0.478247
31.4, 0.478339
31.4667, 0.477782
31.5333, 0.477571
31.6, 0.477555
31.6667, 0.477282
31.7333, 0.476485
31.8, 0.47551
31.8667, 0.477215
31.9333, 0.475564
32, 0.474939
32.0667, 0.474796
32.1333, 0.474321
32.2, 0.473961
32.2667, 0.474896
32.3333, 0.475042
32.4, 0.474653
32.4667, 0.474591
32.5333, 0.474448
32.6, 0.47415
32.6667, 0.473313
32.7333, 0.473415
32.8, 0.472751
32.8667, 0.472183
32.9333, 0.471891
33, 0.470656
33.0667, 0.470651
33.1333, 0.47171
33.2, 0.4716
33.2667, 0.474067
33.3333, 0.476823
33.4, 0.478685
33.4667, 0.482295
33.5333, 0.486751
33.6, 0.488556
33.6667, 0.490623
33.7333, 0.493058
33.8, 0.495287
33.8667, 0.497327
33.9333, 0.499611
34, 0.500848
34.0667, 0.502773
34.1333, 0.503783
34.2, 0.504332
34.2667, 0.505969
34.3333, 0.508023
34.4, 0.509506
34.4667, 0.512438
34.5333, 0.516494
34.6, 0.518235
34.6667, 0.520178
34.7333, 0.522804
34.8, 0.52509
34.8667, 0.528109
34.9333, 0.531665
35, 0.533275
35.0667, 0.535834
35.1333, 0.537791
35.2, 0.539536
35.2667, 0.540925
35.3333, 0.542382
35.4, 0.543195
35.4667, 0.543746
35.5333, 0.543471
35.6, 0.544214
35.6667, 0.545122
35.7333, 0.5455
35.8, 0.545565
35.8667, 0.546251
35.9333, 0.547189
36, 0.547197
36.0667, 0.547422
36.1333, 0.549013
36.2, 0.549581
36.2667, 0.549629
36.3333, 0.545408
36.4, 0.545757
36.4667, 0.545468
36.5333, 0.545235
36.6, 0.544457
36.6667, 0.543736
36.7333, 0.543011
36.8, 0.543009
36.8667, 0.543257
36.9333, 0.543203
37, 0.54316
37.0667, 0.542366
37.1333, 0.542239
37.2, 0.542517
37.2667, 0.542176
37.3333, 0.542563
37.4, 0.54249
37.4667, 0.542352
37.5333, 0.542817
37.6, 0.54232
37.6667, 0.542082
37.7333, 0.540955
37.8, 0.54196
37.8667, 0.541814
37.9333, 0.54312
38, 0.540393
38.0667, 0.541658
38.1333, 0.542344
38.2, 0.542603
38.2667, 0.544363
38.3333, 0.545454
38.4, 0.546533
38.4667, 0.54747
38.5333, 0.549308
38.6, 0.549816
38.6667, 0.551202
38.7333, 0.553269
38.8, 0.554201
38.8667, 0.555199
38.9333, 0.557455
39, 0.557968
39.0667, 0.559595
39.1333, 0.561176
39.2, 0.562254
39.2667, 0.563408
39.3333, 0.565383
39.4, 0.566213
39.4667, 0.567999
39.5333, 0.569439
39.6, 0.570039
39.6667, 0.572904
39.7333, 0.576946
39.8, 0.57933
39.8667, 0.58171
39.9333, 0.584585
40, 0.586509
40.0667, 0.588258
40.1333, 0.589979
40.2, 0.590679
40.2667, 0.592443
40.3333, 0.593716
40.4, 0.595027
40.4667, 0.597856
40.5333, 0.601701
40.6, 0.603255
40.6667, 0.605125
40.7333, 0.607571
40.8, 0.607971
40.8667, 0.609319
40.9333, 0.609957
41, 0.610575
41.0667, 0.611329
41.1333, 0.612316
41.2, 0.612413
41.2667, 0.612367
41.3333, 0.614907
41.4, 0.614864
41.4667, 0.61478
41.5333, 0.614442
41.6, 0.614475
41.6667, 0.614632
41.7333, 0.614329
41.8, 0.614683
41.8667, 0.61471
41.9333, 0.615094
42, 0.616131
42.0667, 0.617669
42.1333, 0.618336
42.2, 0.618658
42.2667, 0.61939
42.3333, 0.620295
42.4, 0.620601
42.4667, 0.621844
42.5333, 0.623076
42.6, 0.623187
42.6667, 0.623922
42.7333, 0.623492
42.8, 0.623673
42.8667, 0.623941
42.9333, 0.624152
43, 0.625378
43.0667, 0.625843
43.1333, 0.626532
43.2, 0.627362
43.2667, 0.628551
43.3333, 0.629121
43.4, 0.629213
43.4667, 0.62951
43.5333, 0.628897
43.6, 0.628986
43.6667, 0.627529
43.7333, 0.625632
43.8, 0.625411
43.8667, 0.625181
43.9333, 0.624662
44, 0.624576
44.0667, 0.624805
44.1333, 0.625005
44.2, 0.624716
44.2667, 0.624492
44.3333, 0.624422
44.4, 0.624157
44.4667, 0.623819
44.5333, 0.623984
44.6, 0.623908
44.6667, 0.621506
44.7333, 0.621284
44.8, 0.621428
44.8667, 0.621214
44.9333, 0.620306
45, 0.620714
45.0667, 0.620112
45.1333, 0.619885
45.2, 0.620395
45.2667, 0.619879
45.3333, 0.620063
45.4, 0.620493
45.4667, 0.620325
45.5333, 0.61982
45.6, 0.619682
45.6667, 0.619163
45.7333, 0.619096
45.8, 0.618785
45.8667, 0.618915
45.9333, 0.618906
46, 0.618777
46.0667, 0.61869
46.1333, 0.618804
46.2, 0.618896
46.2667, 0.619004
46.3333, 0.618369
46.4, 0.61885
46.4667, 0.619387
46.5333, 0.619482
46.6, 0.619739
46.6667, 0.619769
46.7333, 0.619917
46.8, 0.619558
46.8667, 0.618952
46.9333, 0.619077
47, 0.619042
47.0667, 0.618882
47.1333, 0.619374
47.2, 0.619136
47.2667, 0.619366
47.3333, 0.619239
47.4, 0.619617
47.4667, 0.619714
47.5333, 0.619979
47.6, 0.620912
47.6667, 0.620428
47.7333, 0.620609
47.8, 0.62062
47.8667, 0.621595
47.9333, 0.621266
48, 0.620444
48.0667, 0.620866
48.1333, 0.620993
48.2, 0.621417
48.2667, 0.621398
48.3333, 0.621411
48.4, 0.621844
48.4667, 0.621684
48.5333, 0.622203
48.6, 0.62216
48.6667, 0.622068
48.7333, 0.623335
48.8, 0.6238
48.8667, 0.623514
48.9333, 0.623184
49, 0.6238
49.0667, 0.623865
49.1333, 0.624697
49.2, 0.624741
49.2667, 0.624949
49.3333, 0.626011
49.4, 0.626392
49.4667, 0.626562
49.5333, 0.6266
49.6, 0.62684
49.6667, 0.62583
49.7333, 0.627029
49.8, 0.628834
49.8667, 0.629499
49.9333, 0.62978
50, 0.630356
50.0667, 0.630729
50.1333, 0.631312
50.2, 0.631891
50.2667, 0.633061
50.3333, 0.634593
50.4, 0.635404
50.4667, 0.63596
50.5333, 0.636974
50.6, 0.636893
50.6667, 0.638271
50.7333, 0.64133
50.8, 0.642816
50.8667, 0.643737
50.9333, 0.645156
51, 0.645418
51.0667, 0.646812
51.1333, 0.647599
51.2, 0.647699
51.2667, 0.64845
51.3333, 0.652333
51.4, 0.652609
51.4667, 0.652744
51.5333, 0.652701
51.6, 0.652601
51.6667, 0.652406
51.7333, 0.652422
51.8, 0.652322
51.8667, 0.650777
51.9333, 0.649909
52, 0.650071
52.0667, 0.648901
52.1333, 0.649501
52.2, 0.649072
52.2667, 0.649431
52.3333, 0.647934
52.4, 0.646929
52.4667, 0.646148
52.5333, 0.643491
52.6, 0.643837
52.6667, 0.644145
52.7333, 0.644191
52.8, 0.644972
52.8667, 0.642802
52.9333, 0.640781
53, 0.633042
53.0667, 0.631856
53.1333, 0.632223
53.2, 0.632437
53.2667, 0.632383
53.3333, 0.63165
53.4, 0.630667
53.4667, 0.629686
53.5333, 0.627151
53.6, 0.626608
53.6667, 0.626454
53.7333, 0.626662
53.8, 0.626773
53.8667, 0.625865
53.9333, 0.624984
54, 0.625214
54.0667, 0.625184
54.1333, 0.628497
54.2, 0.63272
54.2667, 0.646572
54.3333, 0.649844
54.4, 0.650809
54.4667, 0.657475
54.5333, 0.66321
54.6, 0.664101
54.6667, 0.673875
54.7333, 0.673543
54.8, 0.673792
54.8667, 0.681677
54.9333, 0.685746
55, 0.688713
55.0667, 0.694407
55.1333, 0.695669
55.2, 0.696085
55.2667, 0.698201
55.3333, 0.69856
55.4, 0.699171
55.4667, 0.699414
55.5333, 0.700641
55.6, 0.700936
55.6667, 0.70049
55.7333, 0.700028
55.8, 0.700025
55.8667, 0.700255
55.9333, 0.700584
56, 0.700649
56.0667, 0.700484
56.1333, 0.700338
56.2, 0.700379
56.2667, 0.700268
56.3333, 0.700622
56.4, 0.700436
56.4667, 0.701192
56.5333, 0.701344
56.6, 0.700981
56.6667, 0.701006
56.7333, 0.700611
56.8, 0.700757
56.8667, 0.701006
56.9333, 0.701308
57, 0.701462
57.0667, 0.701457
57.1333, 0.701514
57.2, 0.701508
57.2667, 0.701595
57.3333, 0.701873
57.4, 0.702119
57.4667, 0.702219
57.5333, 0.701557
57.6, 0.70177
57.6667, 0.702487
57.7333, 0.701957
57.8, 0.702187
57.8667, 0.702076
57.9333, 0.701933
58, 0.70063
58.0667, 0.700903
58.1333, 0.701506
58.2, 0.701592
58.2667, 0.701308
58.3333, 0.701671
58.4, 0.7015
58.4667, 0.701473
58.5333, 0.701581
58.6, 0.701173
58.6667, 0.700392
58.7333, 0.700603
58.8, 0.700679
58.8667, 0.700584
58.9333, 0.700879
59, 0.700876
59.0667, 0.700763
59.1333, 0.701041
59.2, 0.701525
59.2667, 0.701679
59.3333, 0.701254
59.4, 0.701033
59.4667, 0.700906
59.5333, 0.700938
59.6, 0.701035
59.6667, 0.701235
59.7333, 0.701238
59.8, 0.701306
59.8667, 0.701662
59.9333, 0.701565
60, 0.701641
60.0667, 0.701592
60.1333, 0.701898
60.2, 0.701873
60.2667, 0.701868
60.3333, 0.701068
60.4, 0.700598
60.4667, 0.701654
60.5333, 0.701465
60.6, 0.701454
60.6667, 0.701635
60.7333, 0.702046
60.8, 0.702197
60.8667, 0.702681
60.9333, 0.702611
61, 0.702746
61.0667, 0.7032
61.1333, 0.70266
61.2, 0.702576
61.2667, 0.702349
61.3333, 0.702179
61.4, 0.702406
61.4667, 0.702946
61.5333, 0.704294
61.6, 0.704751
61.6667, 0.705835
61.7333, 0.706621
61.8, 0.706543
61.8667, 0.706221
61.9333, 0.70584
62, 0.704024
62.0667, 0.703876
62.1333, 0.703878
62.2, 0.703827
62.2667, 0.703946
62.3333, 0.703948
62.4, 0.7036
62.4667, 0.703954
62.5333, 0.703854
62.6, 0.70394
62.6667, 0.704081
62.7333, 0.704024
62.8, 0.703551
62.8667, 0.703673
62.9333, 0.703543
63, 0.703308
63.0667, 0.703111
63.1333, 0.70317
63.2, 0.703159
63.2667, 0.70317
63.3333, 0.702824
63.4, 0.702846
63.4667, 0.703054
63.5333, 0.703165
63.6, 0.703181
63.6667, 0.69966
63.7333, 0.699909
63.8, 0.700819
63.8667, 0.700419
63.9333, 0.700014
64, 0.700092
64.0667, 0.700249
64.1333, 0.70026
64.2, 0.700079
64.2667, 0.700149
64.3333, 0.700041
64.4, 0.700125
64.4667, 0.699833
64.5333, 0.700536
64.6, 0.700703
64.6667, 0.700863
64.7333, 0.700625
64.8, 0.700211
64.8667, 0.699919
64.9333, 0.69986
65, 0.699568
65.0667, 0.699363
65.1333, 0.69952
65.2, 0.699093
65.2667, 0.698936
65.3333, 0.695334
65.4, 0.696058
65.4667, 0.696958
65.5333, 0.697169
65.6, 0.697514
65.6667, 0.697631
65.7333, 0.697644
65.8, 0.698033
65.8667, 0.698185
65.9333, 0.698517
66, 0.698574
66.0667, 0.69926
66.1333, 0.69923
66.2, 0.699436
66.2667, 0.699528
66.3333, 0.699544
66.4, 0.699517
66.4667, 0.699844
66.5333, 0.699982
66.6, 0.700411
66.6667, 0.700671
66.7333, 0.700611
66.8, 0.700814
66.8667, 0.701049
66.9333, 0.700881
67, 0.698158
67.0667, 0.697804
67.1333, 0.698052
67.2, 0.698171
67.2667, 0.698474
67.3333, 0.698117
67.4, 0.694734
67.4667, 0.695366
67.5333, 0.69589
67.6, 0.696166
67.6667, 0.69638
67.7333, 0.69649
67.8, 0.69625
67.8667, 0.69638
67.9333, 0.696682
68, 0.696444
68.0667, 0.696755
68.1333, 0.696536
68.2, 0.696563
68.2667, 0.696931
68.3333, 0.69669
68.4, 0.696855
68.4667, 0.696712
68.5333, 0.696669
68.6, 0.696663
68.6667, 0.696598
68.7333, 0.696798
68.8, 0.696642
68.8667, 0.696544
68.9333, 0.696471
69, 0.696642
69.0667, 0.69558
69.1333, 0.695645
69.2, 0.696004
69.2667, 0.696047
69.3333, 0.69602
69.4, 0.695909
69.4667, 0.696298
69.5333, 0.69645
69.6, 0.696731
69.6667, 0.697163
69.7333, 0.69722
69.8, 0.697798
69.8667, 0.697955
69.9333, 0.698022
70, 0.698009
70.0667, 0.698352
70.1333, 0.69829
70.2, 0.698366
70.2667, 0.698706
70.3333, 0.698676
70.4, 0.698641
70.4667, 0.69872
70.5333, 0.698874
70.6, 0.69919
70.6667, 0.699911
70.7333, 0.696763
70.8, 0.697787
70.8667, 0.699009
70.9333, 0.69912
71, 0.700152
71.0667, 0.700641
71.1333, 0.700809
71.2, 0.701352
71.2667, 0.701468
71.3333, 0.701698
71.4, 0.701762
71.4667, 0.702251
71.5333, 0.70203
71.6, 0.702508
71.6667, 0.702932
71.7333, 0.702554
71.8, 0.702954
71.8667, 0.70353
71.9333, 0.703708
72, 0.703613
72.0667, 0.703341
72.1333, 0.70283
72.2, 0.702568
72.2667, 0.702157
72.3333, 0.702341
72.4, 0.699252
72.4667, 0.700076
72.5333, 0.700122
72.6, 0.700065
72.6667, 0.69956
72.7333, 0.699936
72.8, 0.69979
72.8667, 0.699806
72.9333, 0.699763
73, 0.699957
73.0667, 0.699865
73.1333, 0.699814
73.2, 0.700465
73.2667, 0.701117
73.3333, 0.701703
73.4, 0.701995
73.4667, 0.701962
73.5333, 0.7024
73.6, 0.702268
73.6667, 0.703362
73.7333, 0.7028
73.8, 0.702954
73.8667, 0.702949
73.9333, 0.702927
74, 0.702316
74.0667, 0.69866
74.1333, 0.698498
74.2, 0.698125
74.2667, 0.698233
74.3333, 0.697196
74.4, 0.69812
74.4667, 0.698325
74.5333, 0.698214
74.6, 0.69769
74.6667, 0.697839
74.7333, 0.697498
74.8, 0.698139
74.8667, 0.697309
74.9333, 0.697269
75, 0.696874
75.0667, 0.696782
75.1333, 0.696347
75.2, 0.695488
75.2667, 0.695663
75.3333, 0.695234
75.4, 0.694807
75.4667, 0.694704
75.5333, 0.69522
75.6, 0.694572
75.6667, 0.694204
75.7333, 0.692491
75.8, 0.692175
75.8667, 0.692777
75.9333, 0.693221
76, 0.692986
76.0667, 0.693307
76.1333, 0.693207
76.2, 0.69334
76.2667, 0.692445
76.3333, 0.692961
76.4, 0.693812
76.4667, 0.693037
76.5333, 0.693196
76.6, 0.692583
76.6667, 0.692169
76.7333, 0.691764
76.8, 0.692715
76.8667, 0.692745
76.9333, 0.692745
77, 0.69288
77.0667, 0.693456
77.1333, 0.692737
77.2, 0.693448
77.2667, 0.691683
77.3333, 0.691753
77.4, 0.685395
77.4667, 0.686246
77.5333, 0.686533
77.6, 0.686868
77.6667, 0.689602
77.7333, 0.689594
77.8, 0.690791
77.8667, 0.692329
77.9333, 0.693177
78, 0.694877
78.0667, 0.694229
78.1333, 0.694793
78.2, 0.694734
78.2667, 0.695107
78.3333, 0.695139
78.4, 0.693966
78.4667, 0.694202
78.5333, 0.693058
78.6, 0.693069
78.6667, 0.693923
78.7333, 0.693796
78.8, 0.694285
78.8667, 0.695874
78.9333, 0.696463
79, 0.695853
79.0667, 0.696525
79.1333, 0.696658
79.2, 0.696955
79.2667, 0.696598
79.3333, 0.696566
79.4, 0.69675
79.4667, 0.696728
79.5333, 0.696588
79.6, 0.696969
79.6667, 0.697623
79.7333, 0.697339
79.8, 0.697671
79.8667, 0.697828
79.9333, 0.697968
80, 0.698063
80.0667, 0.698031
80.1333, 0.697693
80.2, 0.697668
80.2667, 0.698252
80.3333, 0.698144
80.4, 0.697831
80.4667, 0.69772
80.5333, 0.697847
80.6, 0.697863
80.6667, 0.698222
80.7333, 0.696566
80.8, 0.696671
80.8667, 0.697177
80.9333, 0.697339
81, 0.697263
81.0667, 0.697685
81.1333, 0.69769
81.2, 0.698139
81.2667, 0.698039
81.3333, 0.698304
81.4, 0.698266
81.4667, 0.697971
81.5333, 0.697663
81.6, 0.69705
81.6667, 0.696771
81.7333, 0.696652
81.8, 0.697206
81.8667, 0.696174
81.9333, 0.696398
82, 0.696431
82.0667, 0.696944
82.1333, 0.696774
82.2, 0.696758
82.2667, 0.696734
82.3333, 0.696269
82.4, 0.69412
82.4667, 0.694366
82.5333, 0.694604
82.6, 0.694296
82.6667, 0.693842
82.7333, 0.693577
82.8, 0.693729
82.8667, 0.693394
82.9333, 0.69391
83, 0.694496
83.0667, 0.695301
83.1333, 0.696153
83.2, 0.696074
83.2667, 0.695661
83.3333, 0.695572
83.4, 0.695226
83.4667, 0.695188
83.5333, 0.695745
83.6, 0.696652
83.6667, 0.69709
83.7333, 0.697831
83.8, 0.698512
83.8667, 0.699506
83.9333, 0.699471
84, 0.700727
84.0667, 0.700038
84.1333, 0.700495
84.2, 0.701403
84.2667, 0.702114
84.3333, 0.702127
84.4, 0.702941
84.4667, 0.703097
84.5333, 0.703422
84.6, 0.704502
84.6667, 0.705075
84.7333, 0.704481
84.8, 0.706267
84.8667, 0.706494
84.9333, 0.707348
85, 0.706861
85.0667, 0.70791
85.1333, 0.708196
85.2, 0.708205
85.2667, 0.708556
85.3333, 0.708696
85.4, 0.708721
85.4667, 0.708694
85.5333, 0.708713
85.6, 0.708429
85.6667, 0.708083
85.7333, 0.707426
85.8, 0.707086
85.8667, 0.707391
85.9333, 0.707661
86, 0.707659
86.0667, 0.708132
86.1333, 0.708534
86.2, 0.707661
86.2667, 0.708426
86.3333, 0.708623
86.4, 0.708777
86.4667, 0.709167
86.5333, 0.709272
86.6, 0.710023
86.6667, 0.710553
86.7333, 0.710982
86.8, 0.711304
86.8667, 0.71172
86.9333, 0.711212
87, 0.711258
87.0667, 0.711653
87.1333, 0.711323
87.2, 0.711153
87.2667, 0.711382
87.3333, 0.711109
87.4, 0.705813
87.4667, 0.705189
87.5333, 0.704973
87.6, 0.706027
87.6667, 0.7059
87.7333, 0.705875
87.8, 0.705402
87.8667, 0.706994
87.9333, 0.706597
88, 0.706834
88.0667, 0.706867
88.1333, 0.706775
88.2, 0.705624
88.2667, 0.706413
88.3333, 0.706008
88.4, 0.704516
88.4667, 0.7028
88.5333, 0.702889
88.6, 0.702641
88.6667, 0.702295
88.7333, 0.702216
88.8, 0.701149
88.8667, 0.702365
88.9333, 0.701862
89, 0.701906
89.0667, 0.698685
89.1333, 0.698458
89.2, 0.697852
89.2667, 0.696088
89.3333, 0.696099
89.4, 0.694931
89.4667, 0.694291
89.5333, 0.694507
89.6, 0.693704
89.6667, 0.693234
89.7333, 0.693253
89.8, 0.692742
89.8667, 0.693048
89.9333, 0.693402
90, 0.695153
90.0667, 0.696166
90.1333, 0.697142
90.2, 0.698277
90.2667, 0.698123
90.3333, 0.698485
90.4, 0.69932
90.4667, 0.700182
90.5333, 0.70043
90.6, 0.699957
90.6667, 0.699925
90.7333, 0.697344
90.8, 0.697825
90.8667, 0.697493
90.9333, 0.697717
91, 0.698033
91.0667, 0.69846
91.1333, 0.698604
91.2, 0.698574
91.2667, 0.698893
91.3333, 0.699438
91.4, 0.699206
91.4667, 0.699833
91.5333, 0.698639
91.6, 0.699403
91.6667, 0.696877
91.7333, 0.696752
91.8, 0.695747
91.8667, 0.694961
91.9333, 0.694285
92, 0.694666
92.0667, 0.695128
92.1333, 0.695285
92.2, 0.696023
92.2667, 0.697028
92.3333, 0.697793
92.4, 0.698606
92.4667, 0.699033
92.5333, 0.699249
92.6, 0.69906
92.6667, 0.698771
92.7333, 0.698958
92.8, 0.699679
92.8667, 0.701011
92.9333, 0.701365
93, 0.70166
93.0667, 0.702441
93.1333, 0.703186
93.2, 0.703327
93.2667, 0.703767
93.3333, 0.703846
93.4, 0.704203
93.4667, 0.7044
93.5333, 0.704448
93.6, 0.704535
93.6667, 0.704532
93.7333, 0.704775
93.8, 0.704627
93.8667, 0.705116
93.9333, 0.705038
94, 0.704992
94.0667, 0.703054
94.1333, 0.703635
94.2, 0.703484
94.2667, 0.703108
94.3333, 0.702992
94.4, 0.703335
94.4667, 0.703038
94.5333, 0.7034
94.6, 0.703062
94.6667, 0.702676
94.7333, 0.702519
94.8, 0.70213
94.8667, 0.7017
94.9333, 0.701798
95, 0.701776
95.0667, 0.701687
95.1333, 0.70176
95.2, 0.701841
95.2667, 0.701546
95.3333, 0.701038
95.4, 0.701768
95.4667, 0.701198
95.5333, 0.701498
95.6, 0.701722
95.6667, 0.702162
95.7333, 0.7011
95.8, 0.702065
95.8667, 0.70136
95.9333, 0.701349
96, 0.702162
96.0667, 0.7019
96.1333, 0.701376
96.2, 0.702454
96.2667, 0.702808
96.3333, 0.702792
96.4, 0.702954
96.4667, 0.702511
96.5333, 0.703568
96.6, 0.702987
96.6667, 0.703289
96.7333, 0.701827
96.8, 0.70129
96.8667, 0.700417
96.9333, 0.701779
97, 0.701335
97.0667, 0.7013
97.1333, 0.701122
97.2, 0.701622
97.2667, 0.701344
97.3333, 0.702273
97.4, 0.700017
97.4667, 0.701341
97.5333, 0.701757
97.6, 0.702122
97.6667, 0.702122
97.7333, 0.702573
97.8, 0.702954
97.8667, 0.705421
97.9333, 0.705305
98, 0.706591
98.0667, 0.707334
98.1333, 0.709731
98.2, 0.709083
98.2667, 0.709604
98.3333, 0.709564
98.4, 0.711626
98.4667, 0.712025
98.5333, 0.713158
98.6, 0.712825
98.6667, 0.713739
98.7333, 0.713609
98.8, 0.715309
98.8667, 0.715725
98.9333, 0.716806
99, 0.716949
99.0667, 0.717368
99.1333, 0.717322
99.2, 0.717516
99.2667, 0.715457
99.3333, 0.716398
99.4, 0.717933
99.4667, 0.7197
99.5333, 0.719813
99.6, 0.7205
99.6667, 0.721302
99.7333, 0.722789
99.8, 0.724856
99.8667, 0.723934
99.9333, 0.724234
100, 0.725126
100.067, 0.725015
100.133, 0.724618
100.2, 0.724745
100.267, 0.723515
100.333, 0.723986
100.4, 0.724891
100.467, 0.725815
100.533, 0.72581
100.6, 0.728823
100.667, 0.730182
100.733, 0.730217
100.8, 0.730112
100.867, 0.731787
100.933, 0.733795
101, 0.736743
101.067, 0.733819
101.133, 0.734908
101.2, 0.736343
101.267, 0.736705
101.333, 0.736002
101.4, 0.737056
101.467, 0.728644
101.533, 0.72999
101.6, 0.731171
101.667, 0.731803
101.733, 0.733281
101.8, 0.735081
101.867, 0.738972
101.933, 0.73965
102, 0.739926
102.067, 0.738905
102.133, 0.738121
102.2, 0.739694
102.267, 0.742347
102.333, 0.746338
102.4, 0.743098
102.467, 0.744939
102.533, 0.746028
102.6, 0.74489
102.667, 0.746284
102.733, 0.746868
102.8, 0.747625
102.867, 0.747722
102.933, 0.749324
103, 0.748552
103.067, 0.748344
103.133, 0.747849
103.2, 0.747125
103.267, 0.745655
103.333, 0.737456
103.4, 0.731074
103.467, 0.72568
103.533, 0.722743
103.6, 0.717892
103.667, 0.713755
103.733, 0.712815
103.8, 0.711896
103.867, 0.712123
103.933, 0.714049
104, 0.712277
104.067, 0.709299
104.133, 0.709639
104.2, 0.709539
104.267, 0.706637
104.333, 0.707172
104.4, 0.709402
104.467, 0.710585
104.533, 0.709812
104.6, 0.713563
104.667, 0.715382
104.733, 0.714317
104.8, 0.713098
104.867, 0.712969
104.933, 0.714528
105, 0.715355
105.067, 0.720489
105.133, 0.721505
105.2, 0.719789
105.267, 0.720065
105.333, 0.721518
105.4, 0.71914
105.467, 0.71696
105.533, 0.71613
105.6, 0.715925
105.667, 0.715484
105.733, 0.713098
105.8, 0.712239
105.867, 0.710947
105.933, 0.70891
106, 0.706648
106.067, 0.701692
106.133, 0.700314
106.2, 0.694402
106.267, 0.686046
106.333, 0.684538
106.4, 0.682841
106.467, 0.681817
106.533, 0.680917
106.6, 0.681025
106.667, 0.680301
106.733, 0.681401
106.8, 0.683614
106.867, 0.683603
106.933, 0.685976
107, 0.685976
107.067, 0.687824
107.133, 0.689243
107.2, 0.690043
107.267, 0.688132
107.333, 0.68843
107.4, 0.683147
107.467, 0.68323
107.533, 0.682785
107.6, 0.68473
107.667, 0.684117
107.733, 0.685219
107.8, 0.683617
107.867, 0.680431
107.933, 0.681374
108, 0.679939
108.067, 0.678391
108.133, 0.676723
108.2, 0.676775
108.267, 0.675813
108.333, 0.675916
108.4, 0.675421
108.467, 0.67113
108.533, 0.671111
108.6, 0.666412
108.667, 0.663585
108.733, 0.663374
108.8, 0.663439
108.867, 0.662148
108.933, 0.661234
109, 0.661272
109.067, 0.655578
109.133, 0.657513
109.2, 0.661583
109.267, 0.662131
109.333, 0.660113
109.4, 0.659613
109.467, 0.660988
109.533, 0.66057
109.6, 0.662315
109.667, 0.665209
109.733, 0.666039
109.8, 0.666217
109.867, 0.665701
109.933, 0.664453
110, 0.665506
110.067, 0.666506
110.133, 0.667214
110.2, 0.667993
110.267, 0.667628
110.333, 0.666939
110.4, 0.665001
110.467, 0.664766
110.533, 0.664401
110.6, 0.66542
110.667, 0.670006
110.733, 0.67087
110.8, 0.677294
110.867, 0.684476
110.933, 0.686068
111, 0.688035
111.067, 0.689378
111.133, 0.690891
111.2, 0.691299
111.267, 0.691778
111.333, 0.692521
111.4, 0.695528
111.467, 0.69609
111.533, 0.694283
111.6, 0.693831
111.667, 0.695623
111.733, 0.698131
111.8, 0.699552
111.867, 0.702197
111.933, 0.704802
112, 0.710591
112.067, 0.715828
112.133, 0.716887
112.2, 0.717098
112.267, 0.717781
112.333, 0.715614
112.4, 0.70714
112.467, 0.705986
112.533, 0.704578
112.6, 0.702489
112.667, 0.701752
112.733, 0.702657
112.8, 0.705794
112.867, 0.707361
112.933, 0.708186
113, 0.706148
113.067, 0.704797
113.133, 0.704681
113.2, 0.706013
113.267, 0.705154
113.333, 0.701217
113.4, 0.699806
113.467, 0.69769
113.533, 0.696007
113.6, 0.694626
113.667, 0.690678
113.733, 0.689748
113.8, 0.691124
113.867, 0.691578
113.933, 0.692137
114, 0.689786
114.067, 0.684211
114.133, 0.685798
114.2, 0.686292
114.267, 0.684906
114.333, 0.683476
114.4, 0.679591
114.467, 0.676564
114.533, 0.675791
114.6, 0.675532
114.667, 0.673329
114.733, 0.672108
114.8, 0.672108
114.867, 0.677183
114.933, 0.678702
115, 0.682177
115.067, 0.687703
115.133, 0.689578
115.2, 0.689381
115.267, 0.694607
115.333, 0.694045
115.4, 0.685622
115.467, 0.680744
115.533, 0.676826
115.6, 0.656705
115.667, 0.656449
115.733, 0.632218
115.8, 0.630626
115.867, 0.617466
115.933, 0.612837
116, 0.605314
116.067, 0.584783
116.133, 0.583267
116.2, 0.58017
116.267, 0.557355
116.333, 0.553539
116.4, 0.54693
116.467, 0.542598
116.533, 0.50464
116.6, 0.499476
116.667, 0.49569
116.733, 0.49171
116.8, 0.485013
116.867, 0.4705
116.933, 0.468122
117, 0.464776
117.067, 0.460845
117.133, 0.458042
117.2, 0.456864
117.267, 0.449968
117.333, 0.446431
117.4, 0.437314
117.467, 0.430461
117.533, 0.428807
117.6, 0.424581
117.667, 0.420719
117.733, 0.418333
117.8, 0.422789
117.867, 0.422395
117.933, 0.424391
118, 0.423575
118.067, 0.423392
118.133, 0.42842
118.2, 0.430823
118.267, 0.42825
118.333, 0.428988
118.4, 0.435898
118.467, 0.438738
118.533, 0.438984
118.6, 0.436065
118.667, 0.435754
118.733, 0.435017
118.8, 0.432698
118.867, 0.425445
118.933, 0.424092
119, 0.414199
119.067, 0.413272
119.133, 0.413858
119.2, 0.40997
119.267, 0.40557
119.333, 0.40329
119.4, 0.396488
119.467, 0.395191
119.533, 0.392532
119.6, 0.389749
119.667, 0.388149
119.733, 0.387817
119.8, 0.387792
119.867, 0.38789
119.933, 0.389851
120, 0.389487
120.067, 0.392775
120.133, 0.392913
120.2, 0.394961
120.267, 0.39768
120.333, 0.399155
120.4, 0.397928
120.467, 0.395407
120.533, 0.392824
120.6, 0.391754
120.667, 0.389981
120.733, 0.384252
120.8, 0.381653
120.867, 0.379151
120.933, 0.378391
121, 0.378199
121.067, 0.375921
121.133, 0.375159
121.2, 0.370228
121.267, 0.366853
121.333, 0.365753
121.4, 0.365148
121.467, 0.362124
121.533, 0.359314
121.6, 0.357635
121.667, 0.355682
121.733, 0.352512
121.8, 0.349056
121.867, 0.345265
121.933, 0.343743
122, 0.339201
122.067, 0.340649
122.133, 0.341587
122.2, 0.341735
122.267, 0.339095
122.333, 0.338423
122.4, 0.335269
122.467, 0.33709
122.533, 0.337839
122.6, 0.338358
122.667, 0.337269
122.733, 0.334947
122.8, 0.33071
122.867, 0.327803
122.933, 0.326179
123, 0.321496
123.067, 0.320204
123.133, 0.318896
123.2, 0.314119
123.267, 0.308822
123.333, 0.307752
123.4, 0.303664
123.467, 0.298438
123.533, 0.294573
123.6, 0.289609
123.667, 0.285472
123.733, 0.285807
123.8, 0.287102
123.867, 0.287891
123.933, 0.286686
124, 0.287269
124.067, 0.287172
124.133, 0.288388
124.2, 0.289066
124.267, 0.285361
124.333, 0.284753
124.4, 0.27786
124.467, 0.274466
124.533, 0.273555
124.6, 0.27288
124.667, 0.273234
124.733, 0.273436
124.8, 0.279268
124.867, 0.28407
124.933, 0.284145
125, 0.291555
125.067, 0.304639
125.133, 0.310106
125.2, 0.325273
125.267, 0.341533
125.333, 0.348961
125.4, 0.357644
125.467, 0.363848
125.533, 0.364186
125.6, 0.370895
125.667, 0.379834
125.733, 0.382861
125.8, 0.389062
125.867, 0.399444
125.933, 0.406154
126, 0.419587
126.067, 0.431825
126.133, 0.436414
126.2, 0.445874
126.267, 0.454943
126.333, 0.45771
126.4, 0.462744
126.467, 0.468722
126.533, 0.475564
126.6, 0.484346
126.667, 0.490256
126.733, 0.491083
126.8, 0.501116
126.867, 0.50945
126.933, 0.511757
127, 0.515216
127.067, 0.52549
127.133, 0.526917
127.2, 0.532629
127.267, 0.539447
127.333, 0.542236
127.4, 0.534645
127.467, 0.543198
127.533, 0.545643
127.6, 0.547035
127.667, 0.542698
127.733, 0.538936
127.8, 0.530868
127.867, 0.524139
127.933, 0.519367
128, 0.509928
128.067, 0.495757
128.133, 0.48731
128.2, 0.474215
128.267, 0.46208
128.333, 0.436281
128.4, 0.423727
128.467, 0.417344
128.533, 0.407938
128.6, 0.397291
128.667, 0.38669
128.733, 0.38175
128.8, 0.372552
128.867, 0.355479
128.933, 0.351988
129, 0.346613
129.067, 0.339895
129.133, 0.337931
129.2, 0.330448
129.267, 0.320026
129.333, 0.315818
129.4, 0.310233
129.467, 0.306958
129.533, 0.309279
129.6, 0.304874
129.667, 0.299378
129.733, 0.299578
129.8, 0.299216
129.867, 0.296103
129.933, 0.294517
130, 0.290709
130.067, 0.287977
130.133, 0.286145
130.2, 0.281505
130.267, 0.279271
130.333, 0.279044
130.4, 0.276495
130.467, 0.272277
130.533, 0.269813
130.6, 0.265641
130.667, 0.261663
130.733, 0.25735
130.8, 0.255561
130.867, 0.253059
130.933, 0.251627
131, 0.245876
131.067, 0.240631
131.133, 0.236167
131.2, 0.227793
131.267, 0.220024
131.333, 0.217695
131.4, 0.213479
131.467, 0.20688
131.533, 0.203913
131.6, 0.196517
131.667, 0.190505
131.733, 0.188797
131.8, 0.184865
131.867, 0.181136
131.933, 0.178896
132, 0.175648
132.067, 0.174016
132.133, 0.174051
132.2, 0.173883
132.267, 0.17454
132.333, 0.1742
132.4, 0.173059
132.467, 0.174
132.533, 0.174521
132.6, 0.174678
132.667, 0.174259
132.733, 0.175008
132.8, 0.175397
132.867, 0.175121
132.933, 0.175326
133, 0.17524
133.067, 0.175218
133.133, 0.17487
133.2, 0.174794
133.267, 0.175886
133.333, 0.177748
133.4, 0.186968
133.467, 0.199744
133.533, 0.207218
133.6, 0.222802
133.667, 0.238869
133.733, 0.247341
133.8, 0.265916
133.867, 0.284597
133.933, 0.294282
134, 0.314365
134.067, 0.326752
134.133, 0.333045
134.2, 0.35008
134.267, 0.357246
134.333, 0.363697
134.4, 0.371547
134.467, 0.376794
134.533, 0.385406
134.6, 0.388746
134.667, 0.383982
134.733, 0.381615
134.8, 0.377524
134.867, 0.376154
134.933, 0.382745
135, 0.392402
135.067, 0.399315
135.133, 0.403403
135.2, 0.410472
135.267, 0.42377
135.333, 0.428815
135.4, 0.439475
135.467, 0.435854
135.533, 0.436573
135.6, 0.432749
135.667, 0.424448
135.733, 0.413861
135.8, 0.409081
135.867, 0.375578
135.933, 0.37721
136, 0.369331
136.067, 0.364915
136.133, 0.349015
136.2, 0.350507
136.267, 0.332583
136.333, 0.329194
136.4, 0.321288
136.467, 0.312692
136.533, 0.30983
136.6, 0.300999
136.667, 0.295487
136.733, 0.291901
136.8, 0.289499
136.867, 0.282454
136.933, 0.279973
137, 0.274858
137.067, 0.269667
137.133, 0.266646
137.2, 0.260623
137.267, 0.255088
137.333, 0.252102
137.4, 0.244325
137.467, 0.238148
137.533, 0.23607
137.6, 0.234149
137.667, 0.233773
137.733, 0.232819
137.8, 0.229785
137.867, 0.227604
137.933, 0.226223
138, 0.223796
138.067, 0.222656
138.133, 0.221405
138.2, 0.217514
138.267, 0.21229
138.333, 0.20951
138.4, 0.206105
138.467, 0.203557
138.533, 0.202262
138.6, 0.198587
138.667, 0.194296
138.733, 0.191751
138.8, 0.187451
138.867, 0.183476
138.933, 0.182147
139, 0.17872
139.067, 0.177164
139.133, 0.177369
139.2, 0.177721
139.267, 0.177645
139.333, 0.177329
139.4, 0.177175
139.467, 0.176875
139.533, 0.176802
139.6, 0.176848
139.667, 0.178158
139.733, 0.17972
139.8, 0.183857
139.867, 0.189748
139.933, 0.193394
140, 0.201833
140.067, 0.211007
140.133, 0.21646
140.2, 0.227331
140.267, 0.239361
140.333, 0.245744
140.4, 0.257888
140.467, 0.270829
140.533, 0.276866
140.6, 0.289666
140.667, 0.301845
140.733, 0.305615
140.8, 0.316567
140.867, 0.324587
140.933, 0.327778
141, 0.337085
141.067, 0.343141
141.133, 0.351285
141.2, 0.361929
141.267, 0.378132
141.333, 0.384677
141.4, 0.401023
141.467, 0.414653
141.533, 0.427718
141.6, 0.442099
141.667, 0.454013
141.733, 0.458329
141.8, 0.472605
141.867, 0.488545
141.933, 0.499995
142, 0.512773
142.067, 0.52642
142.133, 0.533573
142.2, 0.539928
142.267, 0.5473
142.333, 0.548527
142.4, 0.559279
142.467, 0.563897
142.533, 0.566194
142.6, 0.571336
142.667, 0.573055
142.733, 0.573866
142.8, 0.57516
142.867, 0.57302
142.933, 0.571298
143, 0.564589
143.067, 0.561654
143.133, 0.559703
143.2, 0.556625
143.267, 0.555598
143.333, 0.55438
143.4, 0.546297
143.467, 0.503608
143.533, 0.495571
143.6, 0.439521
143.667, 0.41238
143.733, 0.406276
143.8, 0.369439
143.867, 0.361167
143.933, 0.360521
144, 0.361135
144.067, 0.353912
144.133, 0.356533
144.2, 0.356479
144.267, 0.353839
144.333, 0.353701
144.4, 0.349966
144.467, 0.345302
144.533, 0.343095
144.6, 0.336447
144.667, 0.333045
144.733, 0.331172
144.8, 0.325657
144.867, 0.321258
144.933, 0.320507
145, 0.315216
145.067, 0.303745
145.133, 0.29901
145.2, 0.29082
145.267, 0.282754
145.333, 0.275174
145.4, 0.266262
145.467, 0.259663
145.533, 0.257996
145.6, 0.254415
145.667, 0.249338
145.733, 0.245855
145.8, 0.242831
145.867, 0.240483
145.933, 0.238972
146, 0.234595
146.067, 0.228209
146.133, 0.226282
146.2, 0.221432
146.267, 0.217311
146.333, 0.215141
146.4, 0.211115
146.467, 0.208234
146.533, 0.207656
146.6, 0.203519
146.667, 0.199852
146.733, 0.198352
146.8, 0.194923
146.867, 0.189873
146.933, 0.188116
147, 0.186246
147.067, 0.185868
147.133, 0.185371
147.2, 0.185546
147.267, 0.184671
147.333, 0.183595
147.4, 0.181733
147.467, 0.179526
147.533, 0.178907
147.6, 0.177091
147.667, 0.175983
147.733, 0.175467
147.8, 0.17537
147.867, 0.174002
147.933, 0.173535
148, 0.173773
148.067, 0.174024
148.133, 0.173978
148.2, 0.174418
148.267, 0.174291
148.333, 0.174943
148.4, 0.174562
148.467, 0.174845
148.533, 0.175043
148.6, 0.175632
148.667, 0.175094
148.733, 0.174848
148.8, 0.174962
148.867, 0.175105
148.933, 0.175232
149, 0.175605
149.067, 0.174624
149.133, 0.175199
149.2, 0.175721
149.267, 0.175888
149.333, 0.176369
149.4, 0.176537
149.467, 0.176305
149.533, 0.176542
149.6, 0.176026
149.667, 0.176607
149.733, 0.176915
149.8, 0.177331
149.867, 0.17681
149.933, 0.176672
150, 0.17705
150.067, 0.177059
150.133, 0.177648
150.2, 0.177977
150.267, 0.178275
150.333, 0.178575
150.4, 0.17871
150.467, 0.178685
150.533, 0.179096
150.6, 0.179328
150.667, 0.179528
150.733, 0.178275
150.8, 0.17815
150.867, 0.178534
150.933, 0.17838
151, 0.178718
151.067, 0.180971
151.133, 0.182828
151.2, 0.188146
151.267, 0.195142
151.333, 0.197514
151.4, 0.203681
151.467, 0.208132
151.533, 0.210942
151.6, 0.215619
151.667, 0.219946
151.733, 0.222172
151.8, 0.225115
151.867, 0.227066
151.933, 0.227453
152, 0.228731
152.067, 0.229863
152.133, 0.230795
152.2, 0.231176
152.267, 0.230306
152.333, 0.230333
152.4, 0.228147
152.467, 0.228958
152.533, 0.229917
152.6, 0.230571
152.667, 0.230109
152.733, 0.229195
152.8, 0.227258
152.867, 0.226331
152.933, 0.224094
153, 0.219489
153.067, 0.218254
153.133, 0.216387
153.2, 0.215455
153.267, 0.2168
153.333, 0.21963
153.4, 0.227144
153.467, 0.229339
153.533, 0.229698
153.6, 0.230882
153.667, 0.230998
153.733, 0.231228
153.8, 0.230909
153.867, 0.231492
153.933, 0.2317
154, 0.234197
154.067, 0.232303
154.133, 0.232263
154.2, 0.230617
154.267, 0.227647
154.333, 0.227412
154.4, 0.224358
154.467, 0.221975
154.533, 0.220737
154.6, 0.219524
154.667, 0.217579
154.733, 0.217295
154.8, 0.214941
154.867, 0.211109
154.933, 0.209342
155, 0.208545
155.067, 0.206832
155.133, 0.207294
155.2, 0.205332
155.267, 0.205075
155.333, 0.203522
155.4, 0.201825
155.467, 0.199847
155.533, 0.19859
155.6, 0.196528
155.667, 0.194202
155.733, 0.191772
155.8, 0.188592
155.867, 0.186606
155.933, 0.186122
156, 0.184687
156.067, 0.185979
156.133, 0.185611
156.2, 0.184714
156.267, 0.184895
156.333, 0.18506
156.4, 0.184971
156.467, 0.184806
156.533, 0.184374
156.6, 0.184465
156.667, 0.186808
156.733, 0.188705
156.8, 0.188448
156.867, 0.187208
156.933, 0.187397
157, 0.185568
157.067, 0.184387
157.133, 0.183717
157.2, 0.182533
157.267, 0.181806
157.333, 0.181885
157.4, 0.179542
157.467, 0.181682
157.533, 0.183647
157.6, 0.187384
157.667, 0.190156
157.733, 0.191159
157.8, 0.193004
157.867, 0.193499
157.933, 0.193612
158, 0.193607
158.067, 0.192283
158.133, 0.191759
158.2, 0.190716
158.267, 0.189502
158.333, 0.189075
158.4, 0.188084
158.467, 0.186168
158.533, 0.185122
158.6, 0.182531
158.667, 0.180482
158.733, 0.179755
158.8, 0.178993
158.867, 0.181128
158.933, 0.184709
159, 0.19402
159.067, 0.202965
159.133, 0.207759
159.2, 0.217071
159.267, 0.228155
159.333, 0.230709
159.4, 0.234541
159.467, 0.243244
159.533, 0.244985
159.6, 0.24429
159.667, 0.252483
159.733, 0.253124
159.8, 0.252221
159.867, 0.249235
159.933, 0.248584
160, 0.241685
160.067, 0.238775
160.133, 0.23691
160.2, 0.230384
160.267, 0.222926
160.333, 0.220356
160.4, 0.218532
160.467, 0.217892
160.533, 0.217838
160.6, 0.21689
160.667, 0.210274
160.733, 0.20467
160.8, 0.205897
160.867, 0.208191
160.933, 0.206264
161, 0.205105
161.067, 0.204411
161.133, 0.204546
161.2, 0.204716
161.267, 0.205202
161.333, 0.205527
161.4, 0.20377
161.467, 0.199822
161.533, 0.197647
161.6, 0.193053
161.667, 0.189948
161.733, 0.188735
161.8, 0.188262
161.867, 0.187411
161.933, 0.187514
162, 0.186835
162.067, 0.186287
162.133, 0.186787
162.2, 0.190956
162.267, 0.19602
162.333, 0.199311
162.4, 0.204224
162.467, 0.206943
162.533, 0.208061
162.6, 0.208561
162.667, 0.208818
162.733, 0.209575
162.8, 0.209788
162.867, 0.208683
162.933, 0.208242
163, 0.207456
163.067, 0.206167
163.133, 0.205797
163.2, 0.204965
163.267, 0.203476
163.333, 0.20323
163.4, 0.199606
163.467, 0.19421
163.533, 0.191259
163.6, 0.185617
163.667, 0.184436
163.733, 0.18529
163.8, 0.187727
163.867, 0.192494
163.933, 0.194269
164, 0.197342
164.067, 0.199976
164.133, 0.201943
164.2, 0.204443
164.267, 0.203173
164.333, 0.202638
164.4, 0.201027
164.467, 0.198747
164.533, 0.197641
164.6, 0.196747
164.667, 0.19445
164.733, 0.192656
164.8, 0.189543
164.867, 0.185665
164.933, 0.18479
165, 0.183333
165.067, 0.18443
165.133, 0.185511
165.2, 0.187497
165.267, 0.187649
165.333, 0.187205
165.4, 0.185692
165.467, 0.183628
165.533, 0.182766
165.6, 0.181633
165.667, 0.181169
165.733, 0.179515
165.8, 0.178761
165.867, 0.178764
165.933, 0.178885
166, 0.179612
166.067, 0.180582
166.133, 0.180542
166.2, 0.181304
166.267, 0.181817
166.333, 0.181533
166.4, 0.180974
166.467, 0.18092
166.533, 0.180982
166.6, 0.18105
166.667, 0.181155
166.733, 0.181401
166.8, 0.181044
166.867, 0.181677
166.933, 0.181944
167, 0.182771
167.067, 0.183152
167.133, 0.183849
167.2, 0.187368
167.267, 0.192672
167.333, 0.195139
167.4, 0.19779
167.467, 0.20521
167.533, 0.208607
167.6, 0.213914
167.667, 0.215184
167.733, 0.216238
167.8, 0.216608
167.867, 0.216538
167.933, 0.21653
168, 0.219259
168.067, 0.219089
168.133, 0.218673
168.2, 0.221783
168.267, 0.222418
168.333, 0.222305
168.4, 0.22281
168.467, 0.222116
168.533, 0.221556
168.6, 0.222645
168.667, 0.224221
168.733, 0.223734
168.8, 0.223926
168.867, 0.22418
168.933, 0.223521
169, 0.220619
169.067, 0.214041
169.133, 0.212642
169.2, 0.211542
169.267, 0.207032
169.333, 0.205289
169.4, 0.202819
169.467, 0.202822
169.533, 0.202578
169.6, 0.200149
169.667, 0.201997
169.733, 0.203003
169.8, 0.205032
169.867, 0.207156
169.933, 0.208583
170, 0.211717
170.067, 0.213739
170.133, 0.214763
170.2, 0.215209
170.267, 0.215292
170.333, 0.215971
170.4, 0.216757
170.467, 0.214963
170.533, 0.214185
170.6, 0.21115
170.667, 0.209712
170.733, 0.209245
170.8, 0.207456
170.867, 0.206127
170.933, 0.204921
171, 0.201889
171.067, 0.198312
171.133, 0.196469
171.2, 0.193945
171.267, 0.190583
171.333, 0.189016
171.4, 0.185417
171.467, 0.181733
171.533, 0.180317
171.6, 0.178042
171.667, 0.176518
171.733, 0.175848
171.8, 0.174716
171.867, 0.173762
171.933, 0.173389
172, 0.172451
172.067, 0.17183
172.133, 0.171603
172.2, 0.171157
172.267, 0.170995
172.333, 0.171068
172.4, 0.170308
172.467, 0.170573
172.533, 0.170735
172.6, 0.170781
172.667, 0.170924
172.733, 0.170873
172.8, 0.170943
172.867, 0.170881
172.933, 0.1708
173, 0.170854
173.067, 0.170684
173.133, 0.170797
173.2, 0.170749
173.267, 0.170603
173.333, 0.170657
173.4, 0.170633
173.467, 0.170814
173.533, 0.17077
173.6, 0.170841
173.667, 0.170919
173.733, 0.170984
173.8, 0.171041
173.867, 0.171116
173.933, 0.171143
174, 0.171165
174.067, 0.170573
174.133, 0.170468
174.2, 0.170354
174.267, 0.170508
174.333, 0.170668
174.4, 0.170649
174.467, 0.170595
174.533, 0.170627
174.6, 0.170754
174.667, 0.170946
174.733, 0.170835
174.8, 0.170754
174.867, 0.170719
174.933, 0.171789
175, 0.175524
175.067, 0.180801
175.133, 0.183801
175.2, 0.188273
175.267, 0.192869
175.333, 0.195069
175.4, 0.198012
175.467, 0.199617
175.533, 0.200411
175.6, 0.201733
175.667, 0.20093
175.733, 0.199276
175.8, 0.200395
175.867, 0.205224
175.933, 0.207205
176, 0.214436
176.067, 0.220962
176.133, 0.225529
176.2, 0.233576
176.267, 0.243315
176.333, 0.247609
176.4, 0.255923
176.467, 0.261625
176.533, 0.263338
176.6, 0.269624
176.667, 0.270329
176.733, 0.27061
176.8, 0.275098
176.867, 0.275812
176.933, 0.277782
177, 0.275841
177.067, 0.276731
177.133, 0.278063
177.2, 0.280487
177.267, 0.281308
177.333, 0.281824
177.4, 0.28057
177.467, 0.280708
177.533, 0.280508
177.6, 0.277749
177.667, 0.274236
177.733, 0.271756
177.8, 0.268186
177.867, 0.262428
177.933, 0.262895
178, 0.264368
178.067, 0.268983
178.133, 0.270386
178.2, 0.267075
178.267, 0.265686
178.333, 0.268608
178.4, 0.263427
178.467, 0.264238
178.533, 0.263246
178.6, 0.265146
178.667, 0.267394
178.733, 0.26289
178.8, 0.260693
178.867, 0.261166
178.933, 0.261125
179, 0.259034
179.067, 0.2524
179.133, 0.253267
179.2, 0.255186
179.267, 0.257247
179.333, 0.257804
179.4, 0.255907
179.467, 0.25284
179.533, 0.251067
179.6, 0.249481
179.667, 0.248173
179.733, 0.246598
179.8, 0.242985
179.867, 0.239369
179.933, 0.236705
180, 0.231695
180.067, 0.226882
180.133, 0.224707
180.2, 0.221086
180.267, 0.21753
180.333, 0.216173
180.4, 0.214506
180.467, 0.210823
180.533, 0.208215
180.6, 0.204057
180.667, 0.2008
180.733, 0.197509
180.8, 0.197539
180.867, 0.197723
180.933, 0.198152
181, 0.198668
181.067, 0.198876
181.133, 0.198774
181.2, 0.197944
181.267, 0.198287
181.333, 0.197339
181.4, 0.197704
181.467, 0.197555
181.533, 0.197244
181.6, 0.197179
181.667, 0.197466
181.733, 0.197404
181.8, 0.198433
181.867, 0.2014
181.933, 0.203238
182, 0.20677
182.067, 0.209631
182.133, 0.211031
182.2, 0.213717
182.267, 0.21586
182.333, 0.216082
182.4, 0.217238
182.467, 0.219449
182.533, 0.220359
182.6, 0.221216
182.667, 0.222826
182.733, 0.223459
182.8, 0.22415
182.867, 0.223329
182.933, 0.223805
183, 0.222453
183.067, 0.222124
183.133, 0.223272
183.2, 0.222516
183.267, 0.222618
183.333, 0.222683
183.4, 0.222045
183.467, 0.221394
183.533, 0.221289
183.6, 0.221489
183.667, 0.223113
183.733, 0.223102
183.8, 0.224056
183.867, 0.224475
183.933, 0.22464
184, 0.22548
184.067, 0.226958
184.133, 0.227582
184.2, 0.22905
184.267, 0.229266
184.333, 0.22976
184.4, 0.230109
184.467, 0.230765
184.533, 0.230795
184.6, 0.231003
184.667, 0.230744
184.733, 0.23026
184.8, 0.230266
184.867, 0.230806
184.933, 0.230695
185, 0.230395
185.067, 0.23066
185.133, 0.230125
185.2, 0.230063
185.267, 0.230049
185.333, 0.229587
185.4, 0.228847
185.467, 0.228309
185.533, 0.228106
185.6, 0.227231
185.667, 0.226431
185.733, 0.224912
185.8, 0.224218
185.867, 0.223294
185.933, 0.22338
186, 0.222816
186.067, 0.222067
186.133, 0.221918
186.2, 0.221316
186.267, 0.219932
186.333, 0.219832
186.4, 0.218881
186.467, 0.218781
186.533, 0.218508
186.6, 0.218246
186.667, 0.218262
186.733, 0.218065
186.8, 0.217506
186.867, 0.217371
186.933, 0.217395
187, 0.21723
187.067, 0.217611
187.133, 0.217873
187.2, 0.218497
187.267, 0.218559
187.333, 0.218419
187.4, 0.2183
187.467, 0.218162
187.533, 0.218451
187.6, 0.218838
187.667, 0.218832
187.733, 0.219019
187.8, 0.219197
187.867, 0.218776
187.933, 0.218984
188, 0.218911
188.067, 0.219357
188.133, 0.219586
188.2, 0.219289
188.267, 0.219208
188.333, 0.219432
188.4, 0.219138
188.467, 0.218884
188.533, 0.219022
188.6, 0.219003
188.667, 0.219059
188.733, 0.219173
188.8, 0.218689
188.867, 0.218427
188.933, 0.218457
189, 0.217711
189.067, 0.217406
189.133, 0.217741
189.2, 0.219357
189.267, 0.220202
189.333, 0.22094
189.4, 0.221635
189.467, 0.222378
189.533, 0.22224
189.6, 0.222383
189.667, 0.221778
189.733, 0.221537
189.8, 0.221359
189.867, 0.221897
189.933, 0.222562
190, 0.226426
190.067, 0.23053
190.133, 0.2327
190.2, 0.2366
190.267, 0.239926
190.333, 0.240729
190.4, 0.241758
190.467, 0.242509
190.533, 0.242731
190.6, 0.242847
190.667, 0.24228
190.733, 0.239437
190.8, 0.238805
190.867, 0.237356
190.933, 0.236381
191, 0.235246
191.067, 0.234203
191.133, 0.233695
191.2, 0.233411
191.267, 0.23313
191.333, 0.233524
191.4, 0.232714
191.467, 0.231509
191.533, 0.23056
191.6, 0.229006
191.667, 0.227258
191.733, 0.226896
191.8, 0.226253
191.867, 0.226628
191.933, 0.226823
192, 0.227282
192.067, 0.228823
192.133, 0.22926
192.2, 0.229955
192.267, 0.229668
192.333, 0.229133
192.4, 0.227877
192.467, 0.22879
192.533, 0.22819
192.6, 0.228271
192.667, 0.227952
192.733, 0.228123
192.8, 0.227907
192.867, 0.226988
192.933, 0.226834
193, 0.226118
193.067, 0.225947
193.133, 0.226874
193.2, 0.226977
193.267, 0.226961
193.333, 0.227501
193.4, 0.227058
193.467, 0.227039
193.533, 0.227255
193.6, 0.227371
193.667, 0.227112
193.733, 0.227261
193.8, 0.227336
193.867, 0.227915
193.933, 0.228036
194, 0.228085
194.067, 0.227209
194.133, 0.227228
194.2, 0.22735
194.267, 0.227539
194.333, 0.227674
194.4, 0.227763
194.467, 0.227944
194.533, 0.227796
194.6, 0.22762
194.667, 0.227536
194.733, 0.227469
194.8, 0.227617
194.867, 0.227747
194.933, 0.227815
195, 0.228374
195.067, 0.22799
195.133, 0.228093
195.2, 0.227647
195.267, 0.227439
195.333, 0.227677
195.4, 0.228917
195.467, 0.22936
195.533, 0.229909
195.6, 0.229566
195.667, 0.228871
195.733, 0.226958
195.8, 0.226569
195.867, 0.227698
195.933, 0.229182
196, 0.233554
196.067, 0.238726
196.133, 0.24135
196.2, 0.247863
196.267, 0.25488
196.333, 0.258501
196.4, 0.266113
196.467, 0.27422
196.533, 0.27856
196.6, 0.28715
196.667, 0.297424
196.733, 0.301977
196.8, 0.311211
196.867, 0.318804
196.933, 0.323095
197, 0.332043
197.067, 0.340522
197.133, 0.344673
197.2, 0.354225
197.267, 0.36331
197.333, 0.369417
197.4, 0.382601
197.467, 0.391184
197.533, 0.395045
197.6, 0.404749
197.667, 0.411975
197.733, 0.414958
197.8, 0.420943
197.867, 0.429515
197.933, 0.433757
198, 0.44128
198.067, 0.449903
198.133, 0.454494
198.2, 0.465563
198.267, 0.47625
198.333, 0.482114
198.4, 0.488875
198.467, 0.496109
198.533, 0.499768
198.6, 0.503907
198.667, 0.50681
198.733, 0.509361
198.8, 0.516362
198.867, 0.527763
198.933, 0.534275
199, 0.538718
199.067, 0.557912
199.133, 0.558779
199.2, 0.559749
199.267, 0.560633
199.333, 0.566864
199.4, 0.576462
199.467, 0.587379
199.533, 0.592062
199.6, 0.596459
199.667, 0.599448
199.733, 0.601899
199.8, 0.604912
199.867, 0.61625
199.933, 0.627362
200, 0.638284
200.067, 0.646091
200.133, 0.650763
200.2, 0.654352
200.267, 0.659629
200.333, 0.662488
200.4, 0.665633
200.467, 0.667098
200.533, 0.66853
200.6, 0.669487
200.667, 0.670152
200.733, 0.686095
200.8, 0.686392
200.867, 0.687138
200.933, 0.686989
201, 0.6904
201.067, 0.695358
201.133, 0.703559
201.2, 0.70768
201.267, 0.713812
201.333, 0.717614
201.4, 0.721383
201.467, 0.723632
201.533, 0.723326
201.6, 0.727388
201.667, 0.729555
201.733, 0.729604
201.8, 0.731963
201.867, 0.734143
201.933, 0.73474
202, 0.738316
202.067, 0.740521
202.133, 0.743669
202.2, 0.743447
202.267, 0.747414
202.333, 0.747768
202.4, 0.766948
202.467, 0.76761
202.533, 0.768578
202.6, 0.771821
202.667, 0.771869
202.733, 0.769721
202.8, 0.763414
202.867, 0.760077
202.933, 0.757796
203, 0.758063
203.067, 0.758307
203.133, 0.758182
203.2, 0.758885
203.267, 0.758904
203.333, 0.758439
203.4, 0.760517
203.467, 0.760798
203.533, 0.760042
203.6, 0.758526
203.667, 0.759544
203.733, 0.759001
203.8, 0.757772
203.867, 0.757585
203.933, 0.756583
204, 0.756167
204.067, 0.754959
204.133, 0.755275
204.2, 0.753562
204.267, 0.753445
204.333, 0.752659
204.4, 0.750416
204.467, 0.749868
204.533, 0.74877
204.6, 0.747895
204.667, 0.747538
204.733, 0.747203
204.8, 0.747036
204.867, 0.74536
204.933, 0.744088
205, 0.74275
205.067, 0.742293
205.133, 0.745039
205.2, 0.744617
205.267, 0.743904
205.333, 0.743734
205.4, 0.743744
205.467, 0.743479
205.533, 0.742299
205.6, 0.742847
205.667, 0.741015
205.733, 0.74609
205.8, 0.744695
205.867, 0.743363
205.933, 0.742166
206, 0.740458
206.067, 0.740669
206.133, 0.73911
206.2, 0.735978
206.267, 0.735373
206.333, 0.734011
206.4, 0.73243
206.467, 0.732684
206.533, 0.732038
206.6, 0.729933
206.667, 0.729247
206.733, 0.728563
206.8, 0.728309
206.867, 0.728331
206.933, 0.727612
207, 0.72758
207.067, 0.726912
207.133, 0.726426
207.2, 0.726053
207.267, 0.727399
207.333, 0.728555
207.4, 0.735629
207.467, 0.735778
207.533, 0.735884
207.6, 0.736192
207.667, 0.736154
207.733, 0.735946
207.8, 0.737591
207.867, 0.738418
207.933, 0.738353
208, 0.74018
208.067, 0.740945
208.133, 0.740672
208.2, 0.740237
208.267, 0.740569
208.333, 0.741029
208.4, 0.740694
208.467, 0.740993
208.533, 0.74075
208.6, 0.741296
208.667, 0.739423
208.733, 0.737345
208.8, 0.735108
208.867, 0.7339
208.933, 0.7325
209, 0.731098
209.067, 0.728269
209.133, 0.726972
209.2, 0.727107
209.267, 0.726315
209.333, 0.726204
209.4, 0.726915
209.467, 0.726307
209.533, 0.725945
209.6, 0.72578
209.667, 0.72551
209.733, 0.724894
209.8, 0.724415
209.867, 0.722667
209.933, 0.722378
210, 0.721191
210.067, 0.720316
210.133, 0.720602
210.2, 0.720086
210.267, 0.719908
210.333, 0.719135
210.4, 0.718368
210.467, 0.718235
210.533, 0.718489
210.6, 0.719051
210.667, 0.719303
210.733, 0.729633
210.8, 0.728774
210.867, 0.72962
210.933, 0.728512
211, 0.727339
211.067, 0.727047
211.133, 0.725272
211.2, 0.724275
211.267, 0.723942
211.333, 0.722999
211.4, 0.722272
211.467, 0.722686
211.533, 0.722983
211.6, 0.72267
211.667, 0.722626
211.733, 0.722124
211.8, 0.722145
211.867, 0.721978
211.933, 0.721013
212, 0.719911
212.067, 0.720132
212.133, 0.720038
212.2, 0.718611
212.267, 0.718116
212.333, 0.717352
212.4, 0.716541
212.467, 0.715484
212.533, 0.714882
212.6, 0.713404
212.667, 0.711817
212.733, 0.711455
212.8, 0.710472
212.867, 0.710104
212.933, 0.709377
213, 0.70925
213.067, 0.709885
213.133, 0.709415
213.2, 0.709799
213.267, 0.708802
213.333, 0.708975
213.4, 0.708213
213.467, 0.708167
213.533, 0.707324
213.6, 0.706735
213.667, 0.706724
213.733, 0.706467
213.8, 0.706551
213.867, 0.705702
213.933, 0.704989
214, 0.704489
214.067, 0.696263
214.133, 0.696255
214.2, 0.695674
214.267, 0.696471
214.333, 0.69618
214.4, 0.696374
214.467, 0.696323
214.533, 0.696163
214.6, 0.696501
214.667, 0.696501
214.733, 0.695742
214.8, 0.696031
214.867, 0.695563
214.933, 0.694804
215, 0.69418
215.067, 0.693737
215.133, 0.693853
215.2, 0.693491
215.267, 0.69341
215.333, 0.693353
215.4, 0.69184
215.467, 0.69164
215.533, 0.691234
215.6, 0.690678
215.667, 0.690335
215.733, 0.69595
215.8, 0.694491
215.867, 0.69495
215.933, 0.69579
216, 0.696012
216.067, 0.694669
216.133, 0.694893
216.2, 0.694696
216.267, 0.693729
216.333, 0.693502
216.4, 0.692632
216.467, 0.691959
216.533, 0.691053
216.6, 0.690913
216.667, 0.690732
216.733, 0.691913
216.8, 0.691664
216.867, 0.691489
216.933, 0.69148
217, 0.691321
217.067, 0.691405
217.133, 0.69161
217.2, 0.691351
217.267, 0.690783
217.333, 0.690483
217.4, 0.695393
217.467, 0.69608
217.533, 0.695734
217.6, 0.695958
217.667, 0.697136
217.733, 0.697071
217.8, 0.697658
217.867, 0.697566
217.933, 0.69705
218, 0.697033
218.067, 0.697752
218.133, 0.698155
218.2, 0.69879
218.267, 0.699698
218.333, 0.7002
218.4, 0.70146
218.467, 0.704251
218.533, 0.704086
218.6, 0.704367
218.667, 0.704783
218.733, 0.70484
218.8, 0.705856
218.867, 0.705159
218.933, 0.704724
219, 0.705119
219.067, 0.711996
219.133, 0.711428
219.2, 0.712469
219.267, 0.712628
219.333, 0.712136
219.4, 0.712431
219.467, 0.712485
219.533, 0.713409
219.6, 0.712693
219.667, 0.712139
219.733, 0.712031
219.8, 0.711944
219.867, 0.71195
219.933, 0.712388
220, 0.712936
220.067, 0.713763
220.133, 0.714225
220.2, 0.715111
220.267, 0.716322
220.333, 0.716052
220.4, 0.715971
220.467, 0.71559
220.533, 0.715017
220.6, 0.714822
220.667, 0.714693
220.733, 0.716608
220.8, 0.715055
220.867, 0.71436
220.933, 0.713877
221, 0.713563
221.067, 0.71235
221.133, 0.712185
221.2, 0.712998
221.267, 0.712863
221.333, 0.711931
221.4, 0.712407
221.467, 0.71115
221.533, 0.711928
221.6, 0.710799
221.667, 0.709785
221.733, 0.709302
221.8, 0.709339
221.867, 0.708594
221.933, 0.708448
222, 0.707929
222.067, 0.707453
222.133, 0.707264
222.2, 0.706705
222.267, 0.706505
222.333, 0.706205
222.4, 0.697239
222.467, 0.696831
222.533, 0.696988
222.6, 0.697055
222.667, 0.69645
222.733, 0.696444
222.8, 0.696852
222.867, 0.696544
222.933, 0.696147
223, 0.696023
223.067, 0.695609
223.133, 0.695328
223.2, 0.695191
223.267, 0.694999
223.333, 0.695191
223.4, 0.694912
223.467, 0.694828
223.533, 0.695101
223.6, 0.695274
223.667, 0.695558
223.733, 0.695769
223.8, 0.69598
223.867, 0.696134
223.933, 0.696401
224, 0.696815
224.067, 0.702457
224.133, 0.702403
224.2, 0.703286
224.267, 0.70423
224.333, 0.704729
224.4, 0.706186
224.467, 0.707661
224.533, 0.708018
224.6, 0.708334
224.667, 0.708985
224.733, 0.709434
224.8, 0.711093
224.867, 0.712423
224.933, 0.71295
225, 0.714147
225.067, 0.714668
225.133, 0.714503
225.2, 0.714749
225.267, 0.71513
225.333, 0.715033
225.4, 0.714982
225.467, 0.714901
225.533, 0.714633
225.6, 0.714166
225.667, 0.714341
225.733, 0.71336
225.8, 0.713498
225.867, 0.714733
225.933, 0.714887
226, 0.716054
226.067, 0.716722
226.133, 0.717025
226.2, 0.717057
226.267, 0.7169
226.333, 0.716735
226.4, 0.716111
226.467, 0.715068
226.533, 0.714852
226.6, 0.71386
226.667, 0.71382
226.733, 0.713809
226.8, 0.713952
226.867, 0.713577
226.933, 0.713474
227, 0.712806
227.067, 0.712806
227.133, 0.712771
227.2, 0.711442
227.267, 0.710891
227.333, 0.710609
227.4, 0.704873
227.467, 0.704284
227.533, 0.703865
227.6, 0.702457
227.667, 0.702189
227.733, 0.701346
227.8, 0.700903
227.867, 0.70039
227.933, 0.700627
228, 0.700819
228.067, 0.700863
228.133, 0.701257
228.2, 0.701065
228.267, 0.700936
228.333, 0.700236
228.4, 0.700676
228.467, 0.700727
228.533, 0.700465
228.6, 0.701168
228.667, 0.701281
228.733, 0.701973
228.8, 0.702054
228.867, 0.706329
228.933, 0.708631
229, 0.711815
229.067, 0.727493
229.133, 0.727077
229.2, 0.727371
229.267, 0.728185
229.333, 0.728317
229.4, 0.729398
229.467, 0.732244
229.533, 0.733381
229.6, 0.734911
229.667, 0.735421
229.733, 0.736492
229.8, 0.737102
229.867, 0.737013
229.933, 0.736889
230, 0.737289
230.067, 0.739199
230.133, 0.739434
230.2, 0.740183
230.267, 0.74105
230.333, 0.741558
230.4, 0.741764
230.467, 0.741666
230.533, 0.741715
230.6, 0.741418
230.667, 0.741056
230.733, 0.74212
230.8, 0.742453
230.867, 0.742577
230.933, 0.743044
231, 0.743315
231.067, 0.742615
231.133, 0.742423
231.2, 0.74161
231.267, 0.740121
231.333, 0.73978
231.4, 0.738978
231.467, 0.738234
231.533, 0.738034
231.6, 0.737051
231.667, 0.736497
231.733, 0.736373
231.8, 0.736275
231.867, 0.7362
231.933, 0.736186
232, 0.73631
232.067, 0.736224
232.133, 0.73644
232.2, 0.736594
232.267, 0.736443
232.333, 0.736289
232.4, 0.738253
232.467, 0.738348
232.533, 0.738464
232.6, 0.738556
232.667, 0.738275
232.733, 0.738286
232.8, 0.738597
232.867, 0.739083
232.933, 0.738764
233, 0.740194
233.067, 0.741604
233.133, 0.74249
233.2, 0.744817
233.267, 0.74616
233.333, 0.746422
233.4, 0.747606
233.467, 0.748411
233.533, 0.748906
233.6, 0.749284
233.667, 0.749211
233.733, 0.74923
233.8, 0.748641
233.867, 0.749224
233.933, 0.748508
234, 0.747692
234.067, 0.745795
234.133, 0.745763
234.2, 0.746428
234.267, 0.746636
234.333, 0.74643
234.4, 0.745774
234.467, 0.745266
234.533, 0.744739
234.6, 0.743047
234.667, 0.741907
234.733, 0.741358
234.8, 0.740331
234.867, 0.739875
234.933, 0.739542
235, 0.738978
235.067, 0.738445
235.133, 0.738453
235.2, 0.738129
235.267, 0.737805
235.333, 0.737275
235.4, 0.73694
235.467, 0.736856
235.533, 0.736829
235.6, 0.736648
235.667, 0.736567
235.733, 0.733657
235.8, 0.733819
235.867, 0.733668
235.933, 0.733241
236, 0.733438
236.067, 0.733535
236.133, 0.733441
236.2, 0.733552
236.267, 0.733668
236.333, 0.733811
236.4, 0.733976
236.467, 0.734154
236.533, 0.734227
236.6, 0.734332
236.667, 0.734381
236.733, 0.734576
236.8, 0.734551
236.867, 0.734473
236.933, 0.7343
237, 0.734465
237.067, 0.734522
237.133, 0.734459
237.2, 0.733795
237.267, 0.73373
237.333, 0.733768
237.4, 0.734786
237.467, 0.734676
237.533, 0.734762
237.6, 0.734573
237.667, 0.734149
237.733, 0.734257
237.8, 0.734243
237.867, 0.734122
237.933, 0.7342
238, 0.733497
238.067, 0.733392
238.133, 0.733676
238.2, 0.7336
238.267, 0.733662
238.333, 0.733451
238.4, 0.733697
238.467, 0.733703
238.533, 0.733822
238.6, 0.733878
238.667, 0.733727
238.733, 0.733606
238.8, 0.733827
238.867, 0.733889
238.933, 0.734468
239, 0.734881
239.067, 0.735151
239.133, 0.734876
239.2, 0.735227
239.267, 0.735054
239.333, 0.734976
239.4, 0.734919
239.467, 0.734767
239.533, 0.734792
239.6, 0.734789
239.667, 0.730522
239.733, 0.730279
239.8, 0.730252
239.867, 0.731125
239.933, 0.730892
240, 0.731019
240.067, 0.731095
240.133, 0.730982
240.2, 0.730844
240.267, 0.730938
240.333, 0.731084
240.4, 0.733592
240.467, 0.733822
240.533, 0.734295
240.6, 0.734743
240.667, 0.734713
240.733, 0.735205
240.8, 0.735651
240.867, 0.735965
240.933, 0.736608
241, 0.737027
241.067, 0.737491
241.133, 0.737826
241.2, 0.738332
241.267, 0.738886
241.333, 0.738786
241.4, 0.739083
241.467, 0.739169
241.533, 0.738856
241.6, 0.738434
241.667, 0.738502
241.733, 0.738124
241.8, 0.738432
241.867, 0.738807
241.933, 0.738797
242, 0.74005
242.067, 0.741896
242.133, 0.744755
242.2, 0.747519
242.267, 0.747908
242.333, 0.749322
242.4, 0.75044
242.467, 0.75093
242.533, 0.752164
242.6, 0.752921
242.667, 0.753002
242.733, 0.752648
242.8, 0.752443
242.867, 0.752186
242.933, 0.751397
243, 0.750324
243.067, 0.749414
243.133, 0.749025
243.2, 0.748657
243.267, 0.748257
243.333, 0.747579
243.4, 0.746103
243.467, 0.745747
243.533, 0.745225
243.6, 0.745676
243.667, 0.745401
243.733, 0.744658
243.8, 0.744271
243.867, 0.744266
243.933, 0.743574
244, 0.743409
244.067, 0.742934
244.133, 0.742704
244.2, 0.74235
244.267, 0.74238
244.333, 0.741945
244.4, 0.741961
244.467, 0.741842
244.533, 0.741593
244.6, 0.741012
244.667, 0.734038
244.733, 0.733978
244.8, 0.734927
244.867, 0.734762
244.933, 0.734935
245, 0.733833
245.067, 0.735246
245.133, 0.735303
245.2, 0.735011
245.267, 0.7353
245.333, 0.735694
245.4, 0.736081
245.467, 0.736427
245.533, 0.736564
245.6, 0.736627
245.667, 0.73654
245.733, 0.736924
245.8, 0.737451
245.867, 0.73691
245.933, 0.737267
246, 0.737129
246.067, 0.736962
246.133, 0.736851
246.2, 0.737064
246.267, 0.736948
246.333, 0.735132
246.4, 0.73534
246.467, 0.735638
246.533, 0.734705
246.6, 0.734867
246.667, 0.734738
246.733, 0.734373
246.8, 0.734773
246.867, 0.734862
246.933, 0.734735
247, 0.734451
247.067, 0.734338
247.133, 0.733941
247.2, 0.733873
247.267, 0.734222
247.333, 0.73433
247.4, 0.734027
247.467, 0.733919
247.533, 0.733943
247.6, 0.733873
247.667, 0.733711
247.733, 0.733803
247.8, 0.733665
247.867, 0.733554
247.933, 0.733557
248, 0.731649
248.067, 0.731652
248.133, 0.731492
248.2, 0.731676
248.267, 0.731614
248.333, 0.731754
248.4, 0.731325
248.467, 0.731436
248.533, 0.731117
248.6, 0.730498
248.667, 0.730276
248.733, 0.730298
248.8, 0.730306
248.867, 0.730228
248.933, 0.73009
249, 0.730271
249.067, 0.730384
249.133, 0.730422
249.2, 0.730498
249.267, 0.730595
249.333, 0.730714
249.4, 0.730517
249.467, 0.730538
249.533, 0.730209
249.6, 0.730225
249.667, 0.729393
249.733, 0.729363
249.8, 0.729501
249.867, 0.72979
249.933, 0.729598
250, 0.729514
250.067, 0.729244
250.133, 0.729114
250.2, 0.72915
250.267, 0.728917
250.333, 0.728882
250.4, 0.728658
250.467, 0.728552
250.533, 0.728136
250.6, 0.727531
250.667, 0.727596
250.733, 0.728417
250.8, 0.727323
250.867, 0.726855
250.933, 0.726172
251, 0.725704
251.067, 0.725637
251.133, 0.724183
251.2, 0.724361
251.267, 0.724361
251.333, 0.715717
251.4, 0.714966
251.467, 0.714822
251.533, 0.715422
251.6, 0.716503
251.667, 0.717752
251.733, 0.717357
251.8, 0.718
251.867, 0.717949
251.933, 0.718573
252, 0.719435
252.067, 0.722191
252.133, 0.723334
252.2, 0.723305
252.267, 0.723059
252.333, 0.723269
252.4, 0.723197
252.467, 0.723372
252.533, 0.723318
252.6, 0.723494
252.667, 0.723388
252.733, 0.72368
252.8, 0.723688
252.867, 0.723783
252.933, 0.723378
253, 0.725434
253.067, 0.724888
253.133, 0.724785
253.2, 0.724691
253.267, 0.723918
253.333, 0.723513
253.4, 0.723861
253.467, 0.723845
253.533, 0.723945
253.6, 0.724596
253.667, 0.725004
253.733, 0.726358
253.8, 0.727115
253.867, 0.727436
253.933, 0.7341
254, 0.737167
254.067, 0.738907
254.133, 0.740818
254.2, 0.742658
254.267, 0.743185
254.333, 0.74392
254.4, 0.747871
254.467, 0.748638
254.533, 0.750111
254.6, 0.751648
254.667, 0.759169
254.733, 0.759234
254.8, 0.759207
254.867, 0.759617
254.933, 0.759733
255, 0.759388
255.067, 0.759512
255.133, 0.758988
255.2, 0.758512
255.267, 0.758517
255.333, 0.757696
255.4, 0.757634
255.467, 0.757453
255.533, 0.75692
255.6, 0.756883
255.667, 0.756772
255.733, 0.756753
255.8, 0.756639
255.867, 0.756315
255.933, 0.756202
256, 0.756212
256.067, 0.756266
256.133, 0.756169
256.2, 0.755758
256.267, 0.755729
256.333, 0.755475
256.4, 0.755469
256.467, 0.755172
256.533, 0.755015
256.6, 0.755145
256.667, 0.755267
256.733, 0.755294
256.8, 0.755161
256.867, 0.755191
256.933, 0.755342
257, 0.754986
257.067, 0.755242
257.133, 0.754915
257.2, 0.754567
257.267, 0.754553
257.333, 0.75454
257.4, 0.754388
257.467, 0.754278
257.533, 0.754507
257.6, 0.754356
257.667, 0.754213
257.733, 0.754272
257.8, 0.754088
257.867, 0.754124
257.933, 0.754524
258, 0.757566
258.067, 0.757696
258.133, 0.758139
258.2, 0.758236
258.267, 0.75842
258.333, 0.758482
258.4, 0.758693
258.467, 0.758569
258.533, 0.758599
258.6, 0.758501
258.667, 0.758699
258.733, 0.758674
258.8, 0.758901
258.867, 0.758282
258.933, 0.758409
259, 0.758453
259.067, 0.758542
259.133, 0.758185
259.2, 0.758482
259.267, 0.758382
259.333, 0.758461
259.4, 0.758142
259.467, 0.758117
259.533, 0.757737
259.6, 0.757204
259.667, 0.757645
259.733, 0.756434
259.8, 0.756956
259.867, 0.757769
259.933, 0.756572
260, 0.755607
260.067, 0.755188
260.133, 0.75514
260.2, 0.756242
260.267, 0.756469
260.333, 0.75721
260.4, 0.758299
260.467, 0.757885
260.533, 0.757831
260.6, 0.757861
260.667, 0.757547
260.733, 0.757772
260.8, 0.757766
260.867, 0.757618
260.933, 0.75762
261, 0.757715
261.067, 0.757401
261.133, 0.756947
261.2, 0.756145
261.267, 0.756366
261.333, 0.755053
261.4, 0.755161
261.467, 0.754934
261.533, 0.755334
261.6, 0.75538
261.667, 0.755607
261.733, 0.755513
261.8, 0.755504
261.867, 0.755467
261.933, 0.755467
262, 0.754318
262.067, 0.754886
262.133, 0.753951
262.2, 0.75521
262.267, 0.754791
262.333, 0.754705
262.4, 0.755534
262.467, 0.755534
262.533, 0.755564
262.6, 0.756185
262.667, 0.755807
262.733, 0.756072
262.8, 0.755253
262.867, 0.75575
262.933, 0.755707
263, 0.759398
263.067, 0.759839
263.133, 0.759769
263.2, 0.759947
263.267, 0.759912
263.333, 0.759836
263.4, 0.759769
263.467, 0.759407
263.533, 0.759631
263.6, 0.76015
263.667, 0.759874
263.733, 0.759971
263.8, 0.760141
263.867, 0.759869
263.933, 0.760144
264, 0.760214
264.067, 0.759923
264.133, 0.759239
264.2, 0.759144
264.267, 0.759544
264.333, 0.759082
264.4, 0.759531
264.467, 0.760055
264.533, 0.759804
264.6, 0.760212
264.667, 0.759442
264.733, 0.759358
264.8, 0.759277
264.867, 0.75919
264.933, 0.759034
265, 0.758904
265.067, 0.759304
265.133, 0.75929
265.2, 0.759671
265.267, 0.759536
265.333, 0.758925
265.4, 0.757985
265.467, 0.756423
265.533, 0.756012
265.6, 0.753934
265.667, 0.754188
265.733, 0.753645
265.8, 0.755542
265.867, 0.755642
265.933, 0.757258
266, 0.758142
266.067, 0.758569
266.133, 0.759207
266.2, 0.758974
266.267, 0.758796
266.333, 0.761182
266.4, 0.761225
266.467, 0.761471
266.533, 0.761655
266.6, 0.761309
266.667, 0.761071
266.733, 0.761428
266.8, 0.761193
266.867, 0.761109
266.933, 0.760558
267, 0.760314
267.067, 0.759425
267.133, 0.759047
267.2, 0.759115
267.267, 0.75885
267.333, 0.758915
267.4, 0.75878
267.467, 0.758977
267.533, 0.758979
267.6, 0.759074
267.667, 0.759028
267.733, 0.759171
267.8, 0.75912
267.867, 0.759061
267.933, 0.759009
268, 0.759912
268.067, 0.75992
268.133, 0.759328
268.2, 0.759871
268.267, 0.759498
268.333, 0.758136
268.4, 0.758239
268.467, 0.758317
268.533, 0.757037
268.6, 0.75601
268.667, 0.756099
268.733, 0.756177
268.8, 0.756229
268.867, 0.756883
268.933, 0.757391
269, 0.758239
269.067, 0.757901
269.133, 0.757945
269.2, 0.759131
269.267, 0.75839
269.333, 0.758069
269.4, 0.759588
269.467, 0.758979
269.533, 0.758742
269.6, 0.758777
269.667, 0.760404
269.733, 0.761071
269.8, 0.760563
269.867, 0.760525
269.933, 0.759855
270, 0.760233
270.067, 0.760017
270.133, 0.759077
270.2, 0.759234
270.267, 0.759815
270.333, 0.759671
270.4, 0.759674
270.467, 0.759347
270.533, 0.759331
270.6, 0.758896
270.667, 0.758869
270.733, 0.758639
270.8, 0.758823
270.867, 0.758763
270.933, 0.758915
271, 0.758939
271.067, 0.759669
271.133, 0.759936
271.2, 0.759923
271.267, 0.759731
271.333, 0.761865
271.4, 0.761693
271.467, 0.761957
271.533, 0.762109
271.6, 0.761947
271.667, 0.761938
271.733, 0.762095
271.8, 0.761836
271.867, 0.761906
271.933, 0.761736
272, 0.761625
272.067, 0.76116
272.133, 0.761076
272.2, 0.760812
272.267, 0.761066
272.333, 0.760852
272.4, 0.761001
272.467, 0.761104
272.533, 0.761306
272.6, 0.761395
272.667, 0.761398
272.733, 0.761366
272.8, 0.761117
272.867, 0.761104
272.933, 0.761306
273, 0.763522
273.067, 0.763041
273.133, 0.762973
273.2, 0.762955
273.267, 0.761993
273.333, 0.761544
273.4, 0.761541
273.467, 0.761325
273.533, 0.761149
273.6, 0.760798
273.667, 0.760868
273.733, 0.760477
273.8, 0.760182
273.867, 0.759806
273.933, 0.760047
274, 0.760179
274.067, 0.760147
274.133, 0.760298
274.2, 0.760879
274.267, 0.761047
274.333, 0.760912
274.4, 0.760577
274.467, 0.760731
274.533, 0.760174
274.6, 0.760087
274.667, 0.760247
274.733, 0.759598
274.8, 0.759717
274.867, 0.759255
274.933, 0.759034
275, 0.75875
275.067, 0.758361
275.133, 0.757731
275.2, 0.757499
275.267, 0.756726
275.333, 0.756304
275.4, 0.756847
275.467, 0.756102
275.533, 0.756407
275.6, 0.755912
275.667, 0.756283
275.733, 0.756315
275.8, 0.756258
275.867, 0.755934
275.933, 0.756445
276, 0.756439
276.067, 0.756488
276.133, 0.757715
276.2, 0.758447
276.267, 0.759471
276.333, 0.762352
276.4, 0.761984
276.467, 0.762755
276.533, 0.762925
276.6, 0.763222
276.667, 0.7638
276.733, 0.764476
276.8, 0.764657
276.867, 0.765103
276.933, 0.7653
277, 0.765457
277.067, 0.7659
277.133, 0.76674
277.2, 0.766648
277.267, 0.766957
277.333, 0.767546
277.4, 0.767065
277.467, 0.767448
277.533, 0.767059
277.6, 0.767194
277.667, 0.768224
277.733, 0.769567
277.8, 0.769786
277.867, 0.77021
277.933, 0.770213
278, 0.769816
278.067, 0.769394
278.133, 0.769686
278.2, 0.770342
278.267, 0.770029
278.333, 0.770232
278.4, 0.770042
278.467, 0.769999
278.533, 0.770805
278.6, 0.769875
278.667, 0.768078
278.733, 0.766897
278.8, 0.766965
278.867, 0.76684
278.933, 0.767313
279, 0.767916
279.067, 0.768589
279.133, 0.768743
279.2, 0.768759
279.267, 0.768932
279.333, 0.76938
279.4, 0.769753
279.467, 0.770037
279.533, 0.771591
279.6, 0.771912
279.667, 0.772412
279.733, 0.774404
279.8, 0.775517
279.867, 0.777174
279.933, 0.779595
280, 0.780787
280.067, 0.783129
280.133, 0.784732
280.2, 0.784491
280.267, 0.784953
280.333, 0.784926
280.4, 0.785426
280.467, 0.786286
280.533, 0.786653
280.6, 0.78681
280.667, 0.788483
280.733, 0.789153
280.8, 0.789428
280.867, 0.789299
280.933, 0.790858
281, 0.790531
281.067, 0.792779
281.133, 0.793411
281.2, 0.79386
281.267, 0.794214
281.333, 0.791036
281.4, 0.791774
281.467, 0.793122
281.533, 0.794279
281.6, 0.795189
281.667, 0.795846
281.733, 0.793701
281.8, 0.793914
281.867, 0.790704
281.933, 0.789401
282, 0.787042
282.067, 0.785678
282.133, 0.785715
282.2, 0.786129
282.267, 0.787869
282.333, 0.788431
282.4, 0.78838
282.467, 0.788158
282.533, 0.790479
282.6, 0.790361
282.667, 0.78821
282.733, 0.786729
282.8, 0.785075
282.867, 0.777476
282.933, 0.772002
283, 0.768859
283.067, 0.767075
283.133, 0.763895
283.2, 0.761633
283.267, 0.749819
283.333, 0.746752
283.4, 0.74419
283.467, 0.739469
283.533, 0.736043
283.6, 0.734324
283.667, 0.717062
283.733, 0.715055
283.8, 0.713587
283.867, 0.711174
283.933, 0.711409
284, 0.710215
284.067, 0.699922
284.133, 0.699768
284.2, 0.69799
284.267, 0.699555
284.333, 0.702681
284.4, 0.703268
284.467, 0.705035
284.533, 0.709364
284.6, 0.710847
284.667, 0.716054
284.733, 0.719743
284.8, 0.722691
284.867, 0.727985
284.933, 0.734324
285, 0.737327
285.067, 0.738621
285.133, 0.742166
285.2, 0.743034
285.267, 0.744566
285.333, 0.746136
285.4, 0.745417
285.467, 0.746941
285.533, 0.751186
285.6, 0.752675
285.667, 0.755558
285.733, 0.757372
285.8, 0.756612
285.867, 0.756253
285.933, 0.758199
286, 0.759104
286.067, 0.759361
286.133, 0.760879
286.2, 0.754237
286.267, 0.748873
286.333, 0.737537
286.4, 0.737556
286.467, 0.735289
286.533, 0.734622
286.6, 0.733862
286.667, 0.732184
286.733, 0.729741
286.8, 0.730725
286.867, 0.731144
286.933, 0.729141
287, 0.72862
287.067, 0.724005
287.133, 0.72261
287.2, 0.721237
287.267, 0.720416
287.333, 0.722153
287.4, 0.72298
287.467, 0.726807
287.533, 0.727304
287.6, 0.72852
287.667, 0.727277
287.733, 0.728623
287.8, 0.72779
287.867, 0.721494
287.933, 0.718246
288, 0.717319
288.067, 0.717344
288.133, 0.716309
288.2, 0.710383
288.267, 0.705683
288.333, 0.699652
288.4, 0.697596
288.467, 0.694691
288.533, 0.685798
288.6, 0.684798
288.667, 0.682671
288.733, 0.681896
288.8, 0.682663
288.867, 0.681636
288.933, 0.680898
289, 0.679885
289.067, 0.678475
289.133, 0.676705
289.2, 0.676532
289.267, 0.674229
289.333, 0.671265
289.4, 0.671392
289.467, 0.666352
289.533, 0.667736
289.6, 0.669079
289.667, 0.654438
289.733, 0.655041
289.8, 0.655006
289.867, 0.655306
289.933, 0.652006
290, 0.650793
290.067, 0.649809
290.133, 0.650012
290.2, 0.648728
290.267, 0.649128
290.333, 0.649269
290.4, 0.647512
290.467, 0.645767
290.533, 0.641078
290.6, 0.639989
290.667, 0.636917
290.733, 0.634898
290.8, 0.636279
290.867, 0.635263
290.933, 0.63522
291, 0.632801
291.067, 0.631588
291.133, 0.630656
291.2, 0.629359
291.267, 0.629097
291.333, 0.619228
291.4, 0.619985
291.467, 0.62123
291.533, 0.620412
291.6, 0.619479
291.667, 0.616431
291.733, 0.618628
291.8, 0.618998
291.867, 0.617745
291.933, 0.60402
292, 0.602858
292.067, 0.606192
292.133, 0.60506
292.2, 0.603901
292.267, 0.602677
292.333, 0.597875
292.4, 0.596602
292.467, 0.593824
292.533, 0.589012
292.6, 0.588428
292.667, 0.584364
292.733, 0.582786
292.8, 0.584334
292.867, 0.580662
292.933, 0.559755
293, 0.553015
293.067, 0.548751
293.133, 0.543411
293.2, 0.540339
293.267, 0.532946
293.333, 0.528436
293.4, 0.525255
293.467, 0.516459
293.533, 0.50875
293.6, 0.507282
293.667, 0.503356
293.733, 0.500643
293.8, 0.499484
293.867, 0.494414
293.933, 0.482109
294, 0.478996
294.067, 0.47598
294.133, 0.470548
294.2, 0.467068
294.267, 0.473945
294.333, 0.474804
294.4, 0.475293
294.467, 0.485024
294.533, 0.490115
294.6, 0.491566
294.667, 0.501384
294.733, 0.520559
294.8, 0.523985
294.867, 0.529376
294.933, 0.536564
295, 0.539037
295.067, 0.541895
295.133, 0.540993
295.2, 0.540923
295.267, 0.541447
295.333, 0.539974
295.4, 0.540588
295.467, 0.537985
295.533, 0.535797
295.6, 0.532954
295.667, 0.530257
295.733, 0.526377
295.8, 0.52682
295.867, 0.52545
295.933, 0.526214
296, 0.525798
296.067, 0.527847
296.133, 0.531027
296.2, 0.531857
296.267, 0.528263
296.333, 0.517854
296.4, 0.520059
296.467, 0.520869
296.533, 0.523082
296.6, 0.526052
296.667, 0.527598
296.733, 0.52716
296.8, 0.527647
296.867, 0.526347
296.933, 0.526949
297, 0.527628
297.067, 0.528068
297.133, 0.526612
297.2, 0.526898
297.267, 0.524531
297.333, 0.522315
297.4, 0.521015
297.467, 0.524777
297.533, 0.529225
297.6, 0.529984
297.667, 0.533808
297.733, 0.534162
297.8, 0.535405
297.867, 0.537456
297.933, 0.542468
298, 0.535415
298.067, 0.543749
298.133, 0.548521
298.2, 0.552048
298.267, 0.558025
298.333, 0.559168
298.4, 0.550718
298.467, 0.550213
298.533, 0.552829
298.6, 0.538737
298.667, 0.540074
298.733, 0.539809
298.8, 0.53945
298.867, 0.522004
298.933, 0.526204
299, 0.525647
299.067, 0.527157
299.133, 0.509179
299.2, 0.509242
299.267, 0.507677
299.333, 0.513722
299.4, 0.513554
299.467, 0.511903
299.533, 0.510339
299.6, 0.508326
299.667, 0.494682
299.733, 0.497636
299.8, 0.499046
299.867, 0.506329
299.933, 0.509188
300, 0.510166
300.067, 0.51022
300.133, 0.5153
300.2, 0.516389
300.267, 0.531681
300.333, 0.543833
300.4, 0.547008
300.467, 0.566548
300.533, 0.573501
300.6, 0.576843
300.667, 0.593057
300.733, 0.600945
300.8, 0.605514
300.867, 0.621371
300.933, 0.630067
301, 0.631807
301.067, 0.646553
301.133, 0.653876
301.2, 0.655449
301.267, 0.656384
301.333, 0.659924
301.4, 0.659343
301.467, 0.657886
301.533, 0.657319
301.6, 0.657078
301.667, 0.666517
301.733, 0.664896
301.8, 0.664104
301.867, 0.663896
301.933, 0.675799
302, 0.679164
302.067, 0.683957
302.133, 0.688486
302.2, 0.688867
302.267, 0.690251
302.333, 0.692375
302.4, 0.692513
302.467, 0.694137
302.533, 0.696536
302.6, 0.696469
302.667, 0.697101
302.733, 0.698101
302.8, 0.698366
302.867, 0.702092
302.933, 0.70257
303, 0.702062
303.067, 0.702254
303.133, 0.701533
303.2, 0.7007
303.267, 0.700082
303.333, 0.700671
303.4, 0.698206
303.467, 0.694015
303.533, 0.693467
303.6, 0.692596
303.667, 0.693107
303.733, 0.69047
303.8, 0.688538
303.867, 0.6575
303.933, 0.650301
304, 0.648407
304.067, 0.640308
304.133, 0.637568
304.2, 0.635058
304.267, 0.630837
304.333, 0.599764
304.4, 0.597183
304.467, 0.592187
304.533, 0.592265
304.6, 0.592438
304.667, 0.58889
304.733, 0.561854
304.8, 0.560641
304.867, 0.556228
304.933, 0.552985
305, 0.552823
305.067, 0.551153
305.133, 0.55024
305.2, 0.548881
305.267, 0.542752
305.333, 0.538266
305.4, 0.538939
305.467, 0.534156
305.533, 0.532127
305.6, 0.531165
305.667, 0.529006
305.733, 0.521934
305.8, 0.520564
305.867, 0.517635
305.933, 0.512192
306, 0.513962
306.067, 0.511584
306.133, 0.518418
306.2, 0.52222
306.267, 0.523545
306.333, 0.527184
306.4, 0.529727
306.467, 0.528757
306.533, 0.530897
306.6, 0.529346
306.667, 0.528349
306.733, 0.523963
306.8, 0.52438
306.867, 0.520913
306.933, 0.520664
307, 0.520445
307.067, 0.520826
307.133, 0.523796
307.2, 0.524355
307.267, 0.527633
307.333, 0.532602
307.4, 0.534345
307.467, 0.537477
307.533, 0.540374
307.6, 0.54299
307.667, 0.546065
307.733, 0.549662
307.8, 0.551067
307.867, 0.556647
307.933, 0.561987
308, 0.562486
308.067, 0.567415
308.133, 0.568918
308.2, 0.569599
308.267, 0.548389
308.333, 0.546103
308.4, 0.545141
308.467, 0.540066
308.533, 0.535397
308.6, 0.531622
308.667, 0.526903
308.733, 0.52188
308.8, 0.519213
308.867, 0.513733
308.933, 0.509461
309, 0.508877
309.067, 0.506402
309.133, 0.508804
309.2, 0.507691
309.267, 0.523218
309.333, 0.534248
309.4, 0.536272
309.467, 0.541639
309.533, 0.541547
309.6, 0.540334
309.667, 0.535651
309.733, 0.539199
309.8, 0.540763
309.867, 0.541498
309.933, 0.541371
310, 0.539585
310.067, 0.539304
310.133, 0.540009
310.2, 0.542679
310.267, 0.544268
310.333, 0.544746
310.4, 0.547159
310.467, 0.547873
310.533, 0.553185
310.6, 0.554809
310.667, 0.543271
310.733, 0.542171
310.8, 0.540506
310.867, 0.53785
310.933, 0.53537
311, 0.534005
311.067, 0.53655
311.133, 0.538283
311.2, 0.539771
311.267, 0.537112
311.333, 0.528892
311.4, 0.526752
311.467, 0.524074
311.533, 0.517883
311.6, 0.516427
311.667, 0.510782
311.733, 0.488445
311.8, 0.481487
311.867, 0.472972
311.933, 0.461977
312, 0.441032
312.067, 0.428758
312.133, 0.424854
312.2, 0.426691
312.267, 0.426326
312.333, 0.40152
312.4, 0.402047
312.467, 0.396837
312.533, 0.394788
312.6, 0.395205
312.667, 0.393694
312.733, 0.393305
312.8, 0.392973
312.867, 0.390913
312.933, 0.390016
313, 0.386811
313.067, 0.385674
313.133, 0.385887
313.2, 0.386279
313.267, 0.386928
313.333, 0.388109
313.4, 0.388203
313.467, 0.389662
313.533, 0.39377
313.6, 0.394291
313.667, 0.40125
313.733, 0.405762
313.8, 0.407951
313.867, 0.408491
313.933, 0.411523
314, 0.413439
314.067, 0.427396
314.133, 0.437922
314.2, 0.441567
314.267, 0.459777
314.333, 0.46459
314.4, 0.467606
314.467, 0.471229
314.533, 0.483387
314.6, 0.488348
314.667, 0.499052
314.733, 0.503391
314.8, 0.505758
314.867, 0.507893
314.933, 0.511925
315, 0.516705
315.067, 0.517578
315.133, 0.525193
315.2, 0.528687
315.267, 0.532686
315.333, 0.521688
315.4, 0.51924
315.467, 0.515308
315.533, 0.51673
315.6, 0.514119
315.667, 0.508769
315.733, 0.501416
315.8, 0.497087
315.867, 0.49202
315.933, 0.481792
316, 0.478044
316.067, 0.464433
316.133, 0.45307
316.2, 0.44953
316.267, 0.445353
316.333, 0.429518
316.4, 0.413104
316.467, 0.405562
316.533, 0.40149
316.6, 0.399358
316.667, 0.368442
316.733, 0.360448
316.8, 0.357117
316.867, 0.349413
316.933, 0.329627
317, 0.323212
317.067, 0.314324
317.133, 0.305342
317.2, 0.302642
317.267, 0.295119
317.333, 0.286896
317.4, 0.285105
317.467, 0.281049
317.533, 0.27889
317.6, 0.276812
317.667, 0.27232
317.733, 0.266451
317.8, 0.26523
317.867, 0.263198
317.933, 0.262368
318, 0.2628
318.067, 0.260147
318.133, 0.257885
318.2, 0.258474
318.267, 0.259477
318.333, 0.259571
318.4, 0.256726
318.467, 0.251927
318.533, 0.247914
318.6, 0.245512
318.667, 0.240864
318.733, 0.236473
318.8, 0.234965
318.867, 0.232165
318.933, 0.229271
319, 0.226926
319.067, 0.221632
319.133, 0.217779
319.2, 0.21626
319.267, 0.210188
319.333, 0.206091
319.4, 0.203351
319.467, 0.199122
319.533, 0.194558
319.6, 0.192345
319.667, 0.187122
319.733, 0.18423
319.8, 0.182517
319.867, 0.17952
319.933, 0.177237
320, 0.176291
320.067, 0.174175
320.133, 0.17244
320.2, 0.172319
320.267, 0.171995
320.333, 0.171884
320.4, 0.171973
320.467, 0.172284
320.533, 0.172416
320.6, 0.172413
320.667, 0.17243
320.733, 0.172422
320.8, 0.172419
320.867, 0.171943
320.933, 0.172173
321, 0.172103
321.067, 0.172159
321.133, 0.172319
321.2, 0.172373
321.267, 0.172213
321.333, 0.172454
321.4, 0.172451
321.467, 0.172543
321.533, 0.172792
321.6, 0.172916
321.667, 0.172657
321.733, 0.17257
321.8, 0.172465
321.867, 0.172638
321.933, 0.172708
322, 0.172821
322.067, 0.172792
322.133, 0.172857
322.2, 0.173059
322.267, 0.17354
322.333, 0.173424
322.4, 0.17307
322.467, 0.173289
322.533, 0.173446
322.6, 0.173351
322.667, 0.173462
322.733, 0.173367
322.8, 0.173259
322.867, 0.173235
322.933, 0.173262
323, 0.173556
323.067, 0.173254
323.133, 0.173275
323.2, 0.173008
323.267, 0.173154
323.333, 0.172876
323.4, 0.173073
323.467, 0.173343
323.533, 0.173348
323.6, 0.17317
323.667, 0.173502
323.733, 0.173394
323.8, 0.173313
323.867, 0.173319
323.933, 0.172659
324, 0.172846
324.067, 0.172954
324.133, 0.172827
324.2, 0.172803
324.267, 0.172486
324.333, 0.172284
324.4, 0.172411
324.467, 0.17237
324.533, 0.172386
324.6, 0.172335
324.667, 0.172416
324.733, 0.172454
324.8, 0.172524
324.867, 0.172478
324.933, 0.172516
325, 0.172592
325.067, 0.172681
325.133, 0.172738
325.2, 0.172657
325.267, 0.172676
325.333, 0.172721
325.4, 0.172721
325.467, 0.172751
325.533, 0.17267
325.6, 0.172565
325.667, 0.172913
325.733, 0.172886
325.8, 0.172751
325.867, 0.172584
325.933, 0.172608
326, 0.17274
326.067, 0.172913
326.133, 0.172892
326.2, 0.172805
326.267, 0.172843
326.333, 0.172721
326.4, 0.173551
326.467, 0.175897
326.533, 0.17664
326.6, 0.179442
326.667, 0.182641
326.733, 0.183833
326.8, 0.186581
326.867, 0.188797
326.933, 0.189902
327, 0.192161
327.067, 0.193094
327.133, 0.19338
327.2, 0.193875
327.267, 0.193231
327.333, 0.19315
327.4, 0.192764
327.467, 0.191956
327.533, 0.191683
327.6, 0.190935
327.667, 0.190845
327.733, 0.192069
327.8, 0.195996
327.867, 0.201292
327.933, 0.20393
328, 0.209361
328.067, 0.212063
328.133, 0.213585
328.2, 0.213458
328.267, 0.212263
328.333, 0.211061
328.4, 0.212625
328.467, 0.215849
328.533, 0.218595
328.6, 0.221437
328.667, 0.225426
328.733, 0.228096
328.8, 0.23143
328.867, 0.234808
328.933, 0.233665
329, 0.231982
329.067, 0.232617
329.133, 0.231711
329.2, 0.228628
329.267, 0.231722
329.333, 0.23012
329.4, 0.231068
329.467, 0.232487
329.533, 0.232703
329.6, 0.235975
329.667, 0.237629
329.733, 0.238099
329.8, 0.240153
329.867, 0.242107
329.933, 0.241961
330, 0.239037
330.067, 0.234784
330.133, 0.232095
330.2, 0.229544
330.267, 0.226572
330.333, 0.226218
330.4, 0.22411
330.467, 0.220627
330.533, 0.219651
330.6, 0.21416
330.667, 0.212196
330.733, 0.210815
330.8, 0.210647
330.867, 0.212512
330.933, 0.21349
331, 0.212806
331.067, 0.215117
331.133, 0.21659
331.2, 0.219919
331.267, 0.224453
331.333, 0.226728
331.4, 0.227788
331.467, 0.231276
331.533, 0.231811
331.6, 0.233514
331.667, 0.232703
331.733, 0.232317
331.8, 0.232027
331.867, 0.230085
331.933, 0.228196
332, 0.226439
332.067, 0.225637
332.133, 0.224926
332.2, 0.22184
332.267, 0.219643
332.333, 0.218227
332.4, 0.218354
332.467, 0.218389
332.533, 0.217579
332.6, 0.216679
332.667, 0.214563
332.733, 0.214244
332.8, 0.212274
332.867, 0.213401
332.933, 0.213052
333, 0.212096
333.067, 0.212315
333.133, 0.210864
333.2, 0.208826
333.267, 0.208659
333.333, 0.209366
333.4, 0.210909
333.467, 0.211685
333.533, 0.213539
333.6, 0.215209
333.667, 0.216987
333.733, 0.21753
333.8, 0.220767
333.867, 0.225191
333.933, 0.225529
334, 0.226212
334.067, 0.225126
334.133, 0.224156
334.2, 0.220735
334.267, 0.217025
334.333, 0.215755
334.4, 0.213436
334.467, 0.209991
334.533, 0.208367
334.6, 0.205178
334.667, 0.202992
334.733, 0.20293
334.8, 0.200482
334.867, 0.19759
334.933, 0.196144
335, 0.192564
335.067, 0.189735
335.133, 0.188989
335.2, 0.186516
335.267, 0.184092
335.333, 0.182795
335.4, 0.180712
335.467, 0.178307
335.533, 0.177402
335.6, 0.176991
335.667, 0.177921
335.733, 0.178012
335.8, 0.178299
335.867, 0.17831
335.933, 0.17795
336, 0.177553
336.067, 0.176521
336.133, 0.175964
336.2, 0.176456
336.267, 0.180904
336.333, 0.184406
336.4, 0.193626
336.467, 0.205364
336.533, 0.211663
336.6, 0.225423
336.667, 0.240302
336.733, 0.248146
336.8, 0.264425
336.867, 0.280414
336.933, 0.28865
337, 0.304001
337.067, 0.319212
337.133, 0.326508
337.2, 0.339876
337.267, 0.353204
337.333, 0.359114
337.4, 0.368744
337.467, 0.380531
337.533, 0.388541
337.6, 0.394094
337.667, 0.401993
337.733, 0.405146
337.8, 0.409643
337.867, 0.412239
337.933, 0.413323
338, 0.415331
338.067, 0.419841
338.133, 0.422038
338.2, 0.425964
338.267, 0.430447
338.333, 0.431069
338.4, 0.433936
338.467, 0.436484
338.533, 0.437908
338.6, 0.437449
338.667, 0.437338
338.733, 0.438392
338.8, 0.438184
338.867, 0.435246
338.933, 0.425959
339, 0.424854
339.067, 0.397402
339.133, 0.390781
339.2, 0.379353
339.267, 0.353269
339.333, 0.348088
339.4, 0.338009
339.467, 0.316645
339.533, 0.309538
339.6, 0.301607
339.667, 0.291317
339.733, 0.285778
339.8, 0.282013
339.867, 0.278565
339.933, 0.276982
340, 0.274569
340.067, 0.271545
340.133, 0.26918
340.2, 0.264633
340.267, 0.258453
340.333, 0.256272
340.4, 0.251432
340.467, 0.247198
340.533, 0.243936
340.6, 0.236473
340.667, 0.23524
340.733, 0.233381
340.8, 0.229201
340.867, 0.227088
340.933, 0.226218
341, 0.22237
341.067, 0.220643
341.133, 0.21973
341.2, 0.215936
341.267, 0.210593
341.333, 0.208848
341.4, 0.202584
341.467, 0.198806
341.533, 0.196834
341.6, 0.191959
341.667, 0.186
341.733, 0.18372
341.8, 0.180155
341.867, 0.178883
341.933, 0.178747
342, 0.178448
342.067, 0.179215
342.133, 0.180374
342.2, 0.182344
342.267, 0.183906
342.333, 0.18363
342.4, 0.182995
342.467, 0.182236
342.533, 0.181874
342.6, 0.180534
342.667, 0.178774
342.733, 0.177775
342.8, 0.176115
342.867, 0.174618
342.933, 0.17391
343, 0.17274
343.067, 0.171443
343.133, 0.170827
343.2, 0.16966
343.267, 0.168857
343.333, 0.16853
343.4, 0.168241
343.467, 0.168174
343.533, 0.168241
343.6, 0.168368
343.667, 0.16832
343.733, 0.168274
343.8, 0.168228
343.867, 0.168236
343.933, 0.167455
344, 0.167552
344.067, 0.167541
344.133, 0.167771
344.2, 0.167906
344.267, 0.167844
344.333, 0.167647
344.4, 0.167628
344.467, 0.167579
344.533, 0.167674
344.6, 0.167712
344.667, 0.167771
344.733, 0.167879
344.8, 0.167925
344.867, 0.167866
344.933, 0.167868
345, 0.167876
345.067, 0.167987
345.133, 0.168063
345.2, 0.168084
345.267, 0.168182
345.333, 0.168211
345.4, 0.168271
345.467, 0.168303
345.533, 0.168236
345.6, 0.167844
345.667, 0.167855
345.733, 0.167679
345.8, 0.16753
345.867, 0.167601
345.933, 0.167541
346, 0.167595
346.067, 0.167574
346.133, 0.167563
346.2, 0.167636
346.267, 0.167622
346.333, 0.167636
346.4, 0.167576
346.467, 0.16762
346.533, 0.167714
346.6, 0.167676
346.667, 0.167763
346.733, 0.167903
346.8, 0.167866
346.867, 0.16786
346.933, 0.167779
347, 0.167744
347.067, 0.167774
347.133, 0.16776
347.2, 0.167784
347.267, 0.167879
347.333, 0.167933
347.4, 0.167768
347.467, 0.167882
347.533, 0.167893
347.6, 0.167906
347.667, 0.168017
347.733, 0.16809
347.8, 0.168055
347.867, 0.16816
347.933, 0.168133
348, 0.167814
348.067, 0.167952
348.133, 0.168003
348.2, 0.167998
348.267, 0.167909
348.333, 0.167874
348.4, 0.167906
348.467, 0.16799
348.533, 0.167884
348.6, 0.167882
348.667, 0.167728
348.733, 0.167928
348.8, 0.167741
348.867, 0.167706
348.933, 0.167652
349, 0.167687
349.067, 0.167706
349.133, 0.167766
349.2, 0.167784
349.267, 0.167757
349.333, 0.167717
349.4, 0.167595
349.467, 0.167609
349.533, 0.167666
349.6, 0.167674
349.667, 0.167733
349.733, 0.167682
349.8, 0.167749
349.867, 0.167657
349.933, 0.167576
350, 0.167698
350.067, 0.16769
350.133, 0.167817
350.2, 0.167771
350.267, 0.167739
350.333, 0.167795
350.4, 0.167795
350.467, 0.170976
350.533, 0.175932
350.6, 0.178766
350.667, 0.184473
350.733, 0.18867
350.8, 0.191162
350.867, 0.195418
350.933, 0.199179
351, 0.200355
351.067, 0.202316
351.133, 0.205529
351.2, 0.206008
351.267, 0.207551
351.333, 0.207729
351.4, 0.207896
351.467, 0.207434
351.533, 0.205789
351.6, 0.206189
351.667, 0.206094
351.733, 0.206481
351.8, 0.206629
351.867, 0.207648
351.933, 0.208064
352, 0.20808
352.067, 0.208899
352.133, 0.209399
352.2, 0.209783
352.267, 0.211226
352.333, 0.214485
352.4, 0.2168
352.467, 0.221851
352.533, 0.227498
352.6, 0.232395
352.667, 0.242863
352.733, 0.25468
352.8, 0.261071
352.867, 0.271918
352.933, 0.28233
353, 0.28414
353.067, 0.294784
353.133, 0.309782
353.2, 0.313916
353.267, 0.322917
353.333, 0.330265
353.4, 0.334272
353.467, 0.338585
353.533, 0.355636
353.6, 0.359778
353.667, 0.365631
353.733, 0.37236
353.8, 0.37346
353.867, 0.375694
353.933, 0.377516
354, 0.37734
354.067, 0.3749
354.133, 0.37102
354.2, 0.367788
354.267, 0.362667
354.333, 0.360089
354.4, 0.358768
354.467, 0.354722
354.533, 0.35158
354.6, 0.349215
354.667, 0.340949
354.733, 0.33855
354.8, 0.336993
354.867, 0.331664
354.933, 0.326362
355, 0.32373
355.067, 0.317729
355.133, 0.312149
355.2, 0.311579
355.267, 0.308247
355.333, 0.307374
355.4, 0.306955
355.467, 0.304985
355.533, 0.304639
355.6, 0.305134
355.667, 0.305588
355.733, 0.306466
355.8, 0.305909
355.867, 0.306704
355.933, 0.305596
356, 0.305344
356.067, 0.302996
356.133, 0.300705
356.2, 0.299024
356.267, 0.296938
356.333, 0.288723
356.4, 0.289412
356.467, 0.287618
356.533, 0.286615
356.6, 0.285818
356.667, 0.284751
356.733, 0.28434
356.8, 0.284532
356.867, 0.28524
356.933, 0.290396
357, 0.293144
357.067, 0.2982
357.133, 0.303664
357.2, 0.306582
357.267, 0.312889
357.333, 0.319758
357.4, 0.322798
357.467, 0.32773
357.533, 0.316651
357.6, 0.317969
357.667, 0.31821
357.733, 0.318096
357.8, 0.318488
357.867, 0.303823
357.933, 0.301388
358, 0.296427
358.067, 0.29439
358.133, 0.290828
358.2, 0.290063
358.267, 0.287469
358.333, 0.28664
358.4, 0.286977
358.467, 0.287985
358.533, 0.289934
358.6, 0.289823
358.667, 0.288942
358.733, 0.288866
358.8, 0.289158
358.867, 0.289961
358.933, 0.291971
359, 0.293568
359.067, 0.299062
359.133, 0.304526
359.2, 0.306633
359.267, 0.311473
359.333, 0.314891
359.4, 0.316791
359.467, 0.321069
359.533, 0.323922
359.6, 0.325198
359.667, 0.325984
359.733, 0.327622
359.8, 0.328211
359.867, 0.3294
359.933, 0.329529
360, 0.329032
360.067, 0.327832
360.133, 0.327257
360.2, 0.32717
360.267, 0.325206
360.333, 0.323898
360.4, 0.323298
360.467, 0.322293
360.533, 0.32042
360.6, 0.320045
360.667, 0.318572
360.733, 0.317372
360.8, 0.316637
360.867, 0.31477
360.933, 0.313589
361, 0.313186
361.067, 0.313519
361.133, 0.316026
361.2, 0.317591
361.267, 0.320112
361.333, 0.324055
361.4, 0.326052
361.467, 0.327911
361.533, 0.331197
361.6, 0.333061
361.667, 0.33558
361.733, 0.338768
361.8, 0.339031
361.867, 0.341314
361.933, 0.345478
362, 0.348072
362.067, 0.350277
362.133, 0.352566
362.2, 0.353677
362.267, 0.357198
362.333, 0.36107
362.4, 0.362799
362.467, 0.36702
362.533, 0.371538
362.6, 0.37463
362.667, 0.379875
362.733, 0.38452
362.8, 0.387917
362.867, 0.393443
362.933, 0.397145
363, 0.393235
363.067, 0.396831
363.133, 0.401295
363.2, 0.402755
363.267, 0.407886
363.333, 0.410694
363.4, 0.411667
363.467, 0.412875
363.533, 0.413899
363.6, 0.414228
363.667, 0.414096
363.733, 0.415182
363.8, 0.415606
363.867, 0.415785
363.933, 0.415744
364, 0.416293
364.067, 0.416768
364.133, 0.418768
364.2, 0.419363
364.267, 0.4193
364.333, 0.418395
364.4, 0.417112
364.467, 0.415447
364.533, 0.412623
364.6, 0.41188
364.667, 0.405862
364.733, 0.404819
364.8, 0.403846
364.867, 0.401914
364.933, 0.399388
365, 0.39912
365.067, 0.398412
365.133, 0.401628
365.2, 0.403282
365.267, 0.406735
365.333, 0.410288
365.4, 0.413501
365.467, 0.418687
365.533, 0.425437
365.6, 0.428602
365.667, 0.433717
365.733, 0.438521
365.8, 0.441932
365.867, 0.447147
365.933, 0.451976
366, 0.454481
366.067, 0.459121
366.133, 0.464125
366.2, 0.467881
366.267, 0.473037
366.333, 0.482346
366.4, 0.485992
366.467, 0.492955
366.533, 0.498489
366.6, 0.50648
366.667, 0.518286
366.733, 0.527763
366.8, 0.542239
366.867, 0.555925
366.933, 0.563924
367, 0.567451
367.067, 0.572074
367.133, 0.586404
367.2, 0.589914
367.267, 0.593292
367.333, 0.598205
367.4, 0.600942
367.467, 0.603574
367.533, 0.605293
367.6, 0.605944
367.667, 0.606692
367.733, 0.606341
367.8, 0.605984
367.867, 0.605868
367.933, 0.605876
368, 0.60709
368.067, 0.608508
368.133, 0.609157
368.2, 0.609308
368.267, 0.608892
368.333, 0.609354
368.4, 0.609819
368.467, 0.609922
368.533, 0.612013
368.6, 0.614478
368.667, 0.617282
368.733, 0.621525
368.8, 0.624551
368.867, 0.626789
368.933, 0.627797
369, 0.629607
369.067, 0.629959
369.133, 0.630445
369.2, 0.630521
369.267, 0.629515
369.333, 0.630899
369.4, 0.631485
369.467, 0.631548
369.533, 0.630969
369.6, 0.63115
369.667, 0.636166
369.733, 0.636158
369.8, 0.635909
369.867, 0.635955
369.933, 0.63606
370, 0.63602
370.067, 0.636395
370.133, 0.637106
370.2, 0.63699
370.267, 0.637038
370.333, 0.637714
370.4, 0.637271
370.467, 0.637595
370.533, 0.638395
370.6, 0.638163
370.667, 0.638403
370.733, 0.63779
370.8, 0.637687
370.867, 0.637171
370.933, 0.636525
371, 0.635917
371.067, 0.636403
371.133, 0.635558
371.2, 0.636058
371.267, 0.635301
371.333, 0.633599
371.4, 0.633966
371.467, 0.633388
371.533, 0.633374
371.6, 0.633058
371.667, 0.633731
371.733, 0.634058
371.8, 0.63405
371.867, 0.634542
371.933, 0.635225
372, 0.634774
372.067, 0.635109
372.133, 0.631542
372.2, 0.631285
372.267, 0.630126
372.333, 0.629283
372.4, 0.629072
372.467, 0.627908
372.533, 0.626605
372.6, 0.625984
372.667, 0.629402
372.733, 0.630429
372.8, 0.630204
372.867, 0.632401
372.933, 0.632542
373, 0.644326
373.067, 0.645026
373.133, 0.642432
373.2, 0.641838
373.267, 0.642902
373.333, 0.642751
373.4, 0.643648
373.467, 0.645145
373.533, 0.645518
373.6, 0.644597
373.667, 0.644334
373.733, 0.644075
373.8, 0.643643
373.867, 0.644648
373.933, 0.644216
374, 0.644375
374.067, 0.644734
374.133, 0.645988
374.2, 0.645942
374.267, 0.645161
374.333, 0.644229
374.4, 0.646329
374.467, 0.648839
374.533, 0.649993
374.6, 0.649361
374.667, 0.650631
374.733, 0.650417
374.8, 0.651255
374.867, 0.652122
374.933, 0.652417
375, 0.651582
375.067, 0.651793
375.133, 0.652057
375.2, 0.651171
375.267, 0.650288
375.333, 0.648026
375.4, 0.647955
375.467, 0.647569
375.533, 0.646515
375.6, 0.646599
375.667, 0.647612
375.733, 0.648672
375.8, 0.64999
375.867, 0.654606
375.933, 0.655838
376, 0.656681
376.067, 0.658959
376.133, 0.661686
376.2, 0.665817
376.267, 0.664426
376.333, 0.667984
376.4, 0.667576
376.467, 0.667657
376.533, 0.668025
376.6, 0.668401
376.667, 0.668528
376.733, 0.668603
376.8, 0.665788
376.867, 0.662418
376.933, 0.660072
377, 0.65881
377.067, 0.656978
377.133, 0.655797
377.2, 0.655433
377.267, 0.655003
377.333, 0.654916
377.4, 0.654689
377.467, 0.6549
377.533, 0.655154
377.6, 0.654903
377.667, 0.654881
377.733, 0.654825
377.8, 0.654406
377.867, 0.654403
377.933, 0.654168
378, 0.651485
378.067, 0.652244
378.133, 0.652782
378.2, 0.652922
378.267, 0.653063
378.333, 0.653133
378.4, 0.653311
378.467, 0.653284
378.533, 0.653682
378.6, 0.653527
378.667, 0.654195
378.733, 0.653979
378.8, 0.654054
378.867, 0.65373
378.933, 0.653155
379, 0.652641
379.067, 0.652533
379.133, 0.652444
379.2, 0.652347
379.267, 0.652255
379.333, 0.652793
379.4, 0.653098
379.467, 0.65313
379.533, 0.652765
379.6, 0.653217
379.667, 0.652974
379.733, 0.653527
379.8, 0.653541
379.867, 0.653736
379.933, 0.654079
380, 0.653673
380.067, 0.651766
380.133, 0.652257
380.2, 0.652487
380.267, 0.651379
380.333, 0.650587
380.4, 0.650317
380.467, 0.650382
380.533, 0.65115
380.6, 0.651168
380.667, 0.649912
380.733, 0.648853
380.8, 0.64882
380.867, 0.649142
380.933, 0.649401
381, 0.650133
381.067, 0.651214
381.133, 0.651436
381.2, 0.651547
381.267, 0.651455
381.333, 0.652457
381.4, 0.652482
381.467, 0.651966
381.533, 0.652252
381.6, 0.652384
381.667, 0.652406
381.733, 0.652741
381.8, 0.652563
381.867, 0.65272
381.933, 0.652398
382, 0.652447
382.067, 0.652374
382.133, 0.652206
382.2, 0.651844
382.267, 0.651844
382.333, 0.651614
382.4, 0.651644
382.467, 0.651617
