1.4, 0.352336, 1, 21
2.73333, 0.364226, 0.276552, 41
4.06667, 0.3929, 0.285456, 61
5.4, 0.369304, 0.213193, 81
6.73333, 0.471832, 0.365034, 101
8.06667, 0.430828, 0.280087, 121
9.4, 0.436076, 0.181974, 141
10.7333, 0.41048, 0.193837, 161
12.0667, 0.40012, 0.155049, 181
13.4, 0.39605, 0.126659, 201
14.7333, 0.39504, 0.118298, 221
16.0667, 0.398177, 0.091241, 241
17.4, 0.399842, 0.0917058, 261
18.7333, 0.412737, 0.105341, 281
20.0667, 0.432366, 0.136536, 301
21.4, 0.419773, 0.159575, 321
22.7333, 0.401209, 0.100275, 341
24.0667, 0.412391, 0.0916787, 361
25.4, 0.407435, 0.0862418, 381
26.7333, 0.428531, 0.122906, 401
28.0667, 0.559074, 0.34834, 421
29.4, 0.661753, 0.438308, 441
30.7333, 0.665863, 0.509485, 461
32.0667, 0.656513, 0.508234, 481
33.4, 0.662269, 0.511193, 501
34.7333, 0.709034, 0.567694, 521
36.0667, 0.743933, 0.569712, 541
37.4, 0.743669, 0.544503, 561
38.7333, 0.741083, 0.514384, 581
40.0667, 0.769348, 0.655557, 601
41.4, 0.787148, 0.771975, 621
42.7333, 0.79459, 0.77061, 641
44.0667, 0.794282, 0.756531, 661
45.4, 0.791001, 0.696044, 681
46.7333, 0.792955, 0.64164, 701
48.0667, 0.795192, 0.665674, 721
49.4, 0.801078, 0.601631, 741
50.7333, 0.820293, 0.596508, 761
52.0667, 0.827932, 0.618534, 781
53.4, 0.809946, 0.548424, 801
54.7333, 0.848126, 0.636014, 821
56.0667, 0.872592, 0.634558, 841
57.4, 0.873552, 0.613602, 861
58.7333, 0.871055, 0.572409, 881
60.0667, 0.87473, 0.526406, 901
61.4, 0.874924, 0.453524, 921
62.7333, 0.874616, 0.392465, 941
64.0667, 0.873084, 0.327822, 961
65.4, 0.869404, 0.283527, 981
66.7333, 0.87386, 0.228425, 1001
68.0667, 0.871263, 0.219424, 1021
69.4, 0.870314, 0.202962, 1041
70.7333, 0.869079, 0.219008, 1061
72.0667, 0.877737, 0.164426, 1081
73.4, 0.877294, 0.181515, 1101
74.7333, 0.870785, 0.164734, 1121
76.0667, 0.868831, 0.173951, 1141
77.4, 0.859646, 0.181914, 1161
78.7333, 0.868534, 0.13128, 1181
80.0667, 0.871584, 0.138692, 1201
81.4, 0.871741, 0.141913, 1221
82.7333, 0.868871, 0.161199, 1241
84.0667, 0.871503, 0.190318, 1261
85.4, 0.878551, 0.163991, 1281
86.7333, 0.880842, 0.168306, 1301
88.0667, 0.878008, 0.160378, 1321
89.4, 0.868809, 0.167055, 1341
90.7333, 0.869571, 0.205267, 1361
92.0667, 0.871406, 0.163345, 1381
93.4, 0.875081, 0.158383, 1401
94.7333, 0.873165, 0.16786, 1421
96.0667, 0.876732, 0.265851, 1441
97.4, 0.874665, 0.408818, 1461
98.7333, 0.88696, 0.631477, 1481
100.067, 0.891427, 0.739037, 1501
101.4, 0.899723, 0.793236, 1521
102.733, 0.911929, 0.839957, 1541
104.067, 0.872246, 0.845997, 1561
105.4, 0.902847, 0.863794, 1581
106.733, 0.875203, 0.857976, 1601
108.067, 0.869839, 0.878786, 1621
109.4, 0.866831, 0.852644, 1641
110.733, 0.860051, 0.833518, 1661
112.067, 0.893962, 0.854347, 1681
113.4, 0.873579, 0.882801, 1701
114.733, 0.840663, 0.840171, 1721
116.067, 0.762941, 0.824044, 1741
117.4, 0.59504, 0.598113, 1761
118.733, 0.627802, 0.629518, 1781
120.067, 0.57236, 0.598591, 1801
121.4, 0.554504, 0.541398, 1821
122.733, 0.519907, 0.478779, 1841
124.067, 0.455562, 0.407494, 1861
125.4, 0.542385, 0.534964, 1881
126.733, 0.669619, 0.577751, 1901
128.067, 0.689189, 0.639443, 1921
129.4, 0.448295, 0.400782, 1941
130.733, 0.388538, 0.252159, 1961
132.067, 0.295033, 0.140846, 1981
133.4, 0.306117, 0.149766, 2001
134.733, 0.567805, 0.51152, 2021
136.067, 0.567605, 0.564346, 2041
137.4, 0.372195, 0.245128, 2061
138.733, 0.306063, 0.13846, 2081
140.067, 0.327184, 0.156878, 2101
141.4, 0.56714, 0.475883, 2121
142.733, 0.743061, 0.721808, 2141
144.067, 0.521621, 0.592749, 2161
145.4, 0.418152, 0.266681, 2181
146.733, 0.319318, 0.133561, 2201
148.067, 0.288102, 0.108938, 2221
149.4, 0.290831, 0.114018, 2241
150.733, 0.29256, 0.120228, 2261
152.067, 0.368009, 0.207972, 2281
153.4, 0.351177, 0.201781, 2301
154.733, 0.350064, 0.171414, 2321
156.067, 0.304769, 0.127281, 2341
157.4, 0.298981, 0.136301, 2361
158.733, 0.297465, 0.139884, 2381
160.067, 0.407286, 0.309884, 2401
161.4, 0.327327, 0.14387, 2421
162.733, 0.338901, 0.176167, 2441
164.067, 0.31417, 0.141997, 2461
165.4, 0.305853, 0.117842, 2481
166.733, 0.294384, 0.123519, 2501
168.067, 0.352531, 0.179366, 2521
169.4, 0.338528, 0.151385, 2541
170.733, 0.325938, 0.149904, 2561
172.067, 0.283289, 0.102844, 2581
173.4, 0.281778, 0.0955159, 2601
174.733, 0.281527, 0.0985478, 2621
176.067, 0.34494, 0.167936, 2641
177.4, 0.451438, 0.311978, 2661
178.733, 0.42066, 0.245828, 2681
180.067, 0.359332, 0.156611, 2701
181.4, 0.31978, 0.12256, 2721
182.733, 0.352628, 0.162061, 2741
184.067, 0.353347, 0.197115, 2761
185.4, 0.358576, 0.200846, 2781
186.733, 0.347491, 0.184228, 2801
188.067, 0.347037, 0.178896, 2821
189.4, 0.350148, 0.184295, 2841
190.733, 0.371703, 0.208142, 2861
192.067, 0.363432, 0.192353, 2881
193.4, 0.359995, 0.189905, 2901
194.733, 0.359422, 0.19054, 2921
196.067, 0.372795, 0.219462, 2941
197.4, 0.534532, 0.351904, 2961
198.733, 0.683122, 0.583307, 2981
200.067, 0.801367, 0.719576, 3001
201.4, 0.864407, 0.709183, 3021
202.733, 0.901209, 0.736032, 3041
204.067, 0.893729, 0.743831, 3061
205.4, 0.892075, 0.735049, 3081
206.733, 0.878532, 0.725488, 3101
208.067, 0.893389, 0.739215, 3121
209.4, 0.877889, 0.738353, 3141
210.733, 0.882434, 0.730971, 3161
212.067, 0.880704, 0.723405, 3181
213.4, 0.868639, 0.724385, 3201
214.733, 0.857006, 0.729585, 3221
216.067, 0.858614, 0.728609, 3241
217.4, 0.859176, 0.727155, 3261
218.733, 0.868428, 0.730301, 3281
220.067, 0.877581, 0.732573, 3301
221.4, 0.873503, 0.718922, 3321
222.733, 0.859432, 0.711823, 3341
224.067, 0.864078, 0.704251, 3361
225.4, 0.876721, 0.712282, 3381
226.733, 0.869017, 0.706378, 3401
228.067, 0.859765, 0.696639, 3421
229.4, 0.882766, 0.699911, 3441
230.733, 0.890886, 0.697769, 3461
232.067, 0.888598, 0.688657, 3481
233.4, 0.898185, 0.694145, 3501
234.733, 0.892367, 0.678588, 3521
236.067, 0.887244, 0.6691, 3541
237.4, 0.886825, 0.657997, 3561
238.733, 0.888281, 0.649528, 3581
240.067, 0.884304, 0.634601, 3601
241.4, 0.891478, 0.629097, 3621
242.733, 0.9072, 0.641838, 3641
244.067, 0.896515, 0.604109, 3661
245.4, 0.893613, 0.583629, 3681
246.733, 0.889495, 0.556298, 3701
248.067, 0.885339, 0.528519, 3721
249.4, 0.887001, 0.498989, 3741
250.733, 0.883712, 0.475207, 3761
252.067, 0.879307, 0.454375, 3781
253.4, 0.881266, 0.442296, 3801
254.733, 0.903495, 0.482711, 3821
256.067, 0.902565, 0.473353, 3841
257.4, 0.902322, 0.470332, 3861
258.733, 0.904814, 0.46148, 3881
260.067, 0.904127, 0.45854, 3901
261.4, 0.901885, 0.450865, 3921
262.733, 0.90476, 0.437438, 3941
264.067, 0.906392, 0.43466, 3961
265.4, 0.904625, 0.430858, 3981
266.733, 0.906032, 0.424294, 4001
268.067, 0.903655, 0.421746, 4021
269.4, 0.906003, 0.410261, 4041
270.733, 0.903844, 0.401731, 4061
272.067, 0.907054, 0.399107, 4081
273.4, 0.905046, 0.409108, 4101
274.733, 0.904025, 0.437749, 4121
276.067, 0.901112, 0.48818, 4141
277.4, 0.908451, 0.542901, 4161
278.733, 0.908991, 0.625835, 4181
280.067, 0.921608, 0.681544, 4201
281.4, 0.926761, 0.762968, 4221
282.733, 0.927153, 0.789318, 4241
284.067, 0.872492, 0.842098, 4261
285.4, 0.907627, 0.883928, 4281
286.733, 0.895134, 0.863648, 4301
288.067, 0.884471, 0.811884, 4321
289.4, 0.852915, 0.804255, 4341
290.733, 0.830159, 0.820982, 4361
292.067, 0.79062, 0.781762, 4381
293.4, 0.724275, 0.672743, 4401
294.733, 0.71522, 0.700311, 4421
296.067, 0.739026, 0.718589, 4441
297.4, 0.725834, 0.761458, 4461
298.733, 0.727428, 0.745258, 4481
300.067, 0.707869, 0.680777, 4501
301.4, 0.83455, 0.768559, 4521
302.733, 0.875665, 0.793614, 4541
304.067, 0.839717, 0.761131, 4561
305.4, 0.758412, 0.800024, 4581
306.733, 0.716671, 0.763519, 4601
308.067, 0.752108, 0.759374, 4621
309.4, 0.745195, 0.718443, 4641
310.733, 0.748873, 0.735254, 4661
312.067, 0.62383, 0.701019, 4681
313.4, 0.606292, 0.544838, 4701
314.733, 0.686557, 0.661677, 4721
316.067, 0.698766, 0.684463, 4741
317.4, 0.447895, 0.32252, 4761
318.733, 0.366945, 0.172008, 4781
320.067, 0.289877, 0.0838747, 4801
321.4, 0.283646, 0.0938027, 4821
322.733, 0.285032, 0.104387, 4841
324.067, 0.284083, 0.10739, 4861
325.4, 0.286334, 0.110816, 4881
326.733, 0.300264, 0.120312, 4901
328.067, 0.336712, 0.14023, 4921
329.4, 0.384723, 0.194783, 4941
330.733, 0.361651, 0.14224, 4961
332.067, 0.371676, 0.17137, 4981
333.4, 0.342154, 0.150798, 5001
334.733, 0.327376, 0.117934, 5021
336.067, 0.291571, 0.090987, 5041
337.4, 0.51196, 0.312905, 5061
338.733, 0.599777, 0.501394, 5081
340.067, 0.394997, 0.276358, 5101
341.4, 0.31657, 0.116469, 5121
342.733, 0.290669, 0.101288, 5141
344.067, 0.27683, 0.0788972, 5161
345.4, 0.279538, 0.0799645, 5181
346.733, 0.278484, 0.0820723, 5201
348.067, 0.277106, 0.0775812, 5221
349.4, 0.279633, 0.0800456, 5241
350.733, 0.305209, 0.102431, 5261
352.067, 0.341273, 0.143924, 5281
353.4, 0.498319, 0.332064, 5301
354.733, 0.540598, 0.435254, 5321
356.067, 0.483619, 0.463174, 5341
357.4, 0.496201, 0.496509, 5361
358.733, 0.454619, 0.334231, 5381
360.067, 0.499162, 0.391994, 5401
361.4, 0.482457, 0.343895, 5421
362.733, 0.578638, 0.466333, 5441
364.067, 0.63679, 0.52883, 5461
365.4, 0.651387, 0.587012, 5481
366.733, 0.747438, 0.654698, 5501
368.067, 0.814651, 0.719405, 5521
369.4, 0.828016, 0.723361, 5541
370.733, 0.831975, 0.739248, 5561
372.067, 0.832902, 0.764184, 5581
373.4, 0.851004, 0.77689, 5601
374.733, 0.853158, 0.780978, 5621
376.067, 0.863451, 0.779022, 5641
377.4, 0.851434, 0.785856, 5661
378.733, 0.847205, 0.782486, 5681
380.067, 0.840898, 0.780173, 5701
381.4, 0.827222, 0.810176, 5721
