0.4, 0.337288, 1, 6
0.733333, 0.354277, 0.145494, 11
1.06667, 0.363648, 0.134252, 16
1.4, 0.352336, 0.250667, 21
1.73333, 0.354617, 0.125951, 26
2.06667, 0.362708, 0.116923, 31
2.4, 0.366374, 0.121233, 36
2.73333, 0.364226, 0.111413, 41
3.06667, 0.357844, 0.183736, 46
3.4, 0.360475, 0.110411, 51
3.73333, 0.378102, 0.148807, 56
4.06667, 0.3929, 0.160783, 61
4.4, 0.391189, 0.166523, 66
4.73333, 0.376397, 0.208642, 71
5.06667, 0.367715, 0.162966, 76
5.4, 0.369304, 0.152701, 81
5.73333, 0.405292, 0.164615, 86
6.06667, 0.446804, 0.197687, 91
6.4, 0.463579, 0.344586, 96
6.73333, 0.471832, 0.334161, 101
7.06667, 0.456624, 0.32653, 106
7.4, 0.44061, 0.299264, 111
7.73333, 0.43559, 0.26172, 116
8.06667, 0.430828, 0.285532, 121
8.4, 0.435517, 0.252618, 126
8.73333, 0.437689, 0.219459, 131
9.06667, 0.43804, 0.208858, 136
9.4, 0.436076, 0.203141, 141
9.73333, 0.423954, 0.231446, 146
10.0667, 0.420065, 0.20968, 151
10.4, 0.414842, 0.201146, 156
10.7333, 0.41048, 0.184957, 161
11.0667, 0.408727, 0.171251, 166
11.4, 0.402674, 0.190835, 171
11.7333, 0.401401, 0.169225, 176
12.0667, 0.40012, 0.161496, 181
12.4, 0.399734, 0.154065, 186
12.7333, 0.399488, 0.144189, 191
13.0667, 0.395556, 0.162304, 196
13.4, 0.39605, 0.144345, 201
13.7333, 0.397799, 0.134812, 206
14.0667, 0.398569, 0.124487, 211
14.4, 0.399088, 0.117561, 216
14.7333, 0.39504, 0.135277, 221
15.0667, 0.396996, 0.117461, 226
15.4, 0.397753, 0.111778, 231
15.7333, 0.398988, 0.106941, 236
16.0667, 0.398177, 0.0990261, 241
16.4, 0.395434, 0.118196, 246
16.7333, 0.397153, 0.102825, 251
17.0667, 0.398704, 0.096894, 256
17.4, 0.399842, 0.0931839, 261
17.7333, 0.398966, 0.0910356, 266
18.0667, 0.394734, 0.10743, 271
18.4, 0.399296, 0.101358, 276
18.7333, 0.412737, 0.109889, 281
19.0667, 0.424845, 0.122673, 286
19.4, 0.429501, 0.129124, 291
19.7333, 0.425607, 0.146223, 296
20.0667, 0.432366, 0.145502, 301
20.4, 0.439202, 0.151652, 306
20.7333, 0.439575, 0.153479, 311
21.0667, 0.432528, 0.145164, 316
21.4, 0.419773, 0.168646, 321
21.7333, 0.412975, 0.143316, 326
22.0667, 0.408265, 0.123676, 331
22.4, 0.403228, 0.110973, 336
22.7333, 0.401209, 0.101993, 341
23.0667, 0.404192, 0.129032, 346
23.4, 0.408843, 0.114653, 351
23.7333, 0.411791, 0.0994477, 356
24.0667, 0.412391, 0.0943215, 361
24.4, 0.411361, 0.0920138, 366
24.7333, 0.405484, 0.106963, 371
25.0667, 0.405462, 0.0945053, 376
25.4, 0.407435, 0.0903952, 381
25.7333, 0.415158, 0.0988532, 386
26.0667, 0.421338, 0.106092, 391
26.4, 0.421914, 0.130764, 396
26.7333, 0.428531, 0.136641, 401
27.0667, 0.450265, 0.16151, 406
27.4, 0.48527, 0.199179, 411
27.7333, 0.530954, 0.244517, 416
28.0667, 0.559074, 0.359897, 421
28.4, 0.596443, 0.371909, 426
28.7333, 0.623992, 0.403833, 431
29.0667, 0.649655, 0.430615, 436
29.4, 0.661753, 0.449206, 441
29.7333, 0.662007, 0.509952, 446
30.0667, 0.663331, 0.511879, 451
30.4, 0.666277, 0.518643, 456
30.7333, 0.665863, 0.527479, 461
31.0667, 0.662553, 0.530654, 466
31.4, 0.657275, 0.533062, 471
31.7333, 0.65663, 0.528873, 476
32.0667, 0.656513, 0.525823, 481
32.4, 0.655932, 0.52238, 486
32.7333, 0.655695, 0.521207, 491
33.0667, 0.652333, 0.528933, 496
33.4, 0.662269, 0.533597, 501
33.7333, 0.675281, 0.545265, 506
34.0667, 0.682922, 0.549664, 511
34.4, 0.692223, 0.553758, 516
34.7333, 0.709034, 0.596451, 521
35.0667, 0.726709, 0.620512, 526
35.4, 0.734654, 0.633577, 531
35.7333, 0.739969, 0.631504, 536
36.0667, 0.743933, 0.629813, 541
36.4, 0.740267, 0.677267, 546
36.7333, 0.741955, 0.660629, 551
37.0667, 0.742701, 0.644818, 556
37.4, 0.743669, 0.623619, 561
37.7333, 0.741823, 0.611256, 566
38.0667, 0.734713, 0.594943, 571
38.4, 0.737583, 0.583142, 576
38.7333, 0.741083, 0.575292, 581
39.0667, 0.746482, 0.568434, 586
39.4, 0.751551, 0.564411, 591
39.7333, 0.756829, 0.626103, 596
40.0667, 0.769348, 0.658605, 601
40.4, 0.776444, 0.66335, 606
40.7333, 0.787515, 0.703857, 611
41.0667, 0.790782, 0.710877, 616
41.4, 0.787148, 0.75394, 621
41.7333, 0.788631, 0.745957, 626
42.0667, 0.789528, 0.74646, 631
42.4, 0.791477, 0.749727, 636
42.7333, 0.79459, 0.749041, 641
43.0667, 0.792387, 0.763971, 646
43.4, 0.796849, 0.762433, 651
43.7333, 0.793463, 0.751705, 656
44.0667, 0.794282, 0.746417, 661
44.4, 0.793336, 0.745433, 666
44.7333, 0.788169, 0.73106, 671
45.0667, 0.790185, 0.723067, 676
45.4, 0.791001, 0.71796, 681
45.7333, 0.792001, 0.713982, 686
46.0667, 0.792309, 0.707343, 691
46.4, 0.790112, 0.694793, 696
46.7333, 0.792955, 0.683268, 701
47.0667, 0.791874, 0.684492, 706
47.4, 0.794914, 0.684249, 711
47.7333, 0.795416, 0.684836, 716
48.0667, 0.795192, 0.710974, 721
48.4, 0.795981, 0.70253, 726
48.7333, 0.797216, 0.696471, 731
49.0667, 0.798327, 0.694685, 736
49.4, 0.801078, 0.690318, 741
49.7333, 0.798824, 0.680952, 746
50.0667, 0.804445, 0.672497, 751
50.4, 0.8119, 0.660337, 756
50.7333, 0.820293, 0.652193, 761
51.0667, 0.828649, 0.660056, 766
51.4, 0.831683, 0.689746, 771
51.7333, 0.830119, 0.673, 776
52.0667, 0.827932, 0.662812, 781
52.4, 0.826327, 0.6544, 786
52.7333, 0.825522, 0.645818, 791
53.0667, 0.809771, 0.596745, 796
53.4, 0.809946, 0.588647, 801
53.7333, 0.807685, 0.580008, 806
54.0667, 0.808139, 0.57977, 811
54.4, 0.833591, 0.610376, 816
54.7333, 0.848126, 0.673192, 821
55.0667, 0.866337, 0.682228, 826
55.4, 0.871298, 0.695123, 831
55.7333, 0.872084, 0.686262, 836
56.0667, 0.872592, 0.678712, 841
56.4, 0.869993, 0.68713, 846
56.7333, 0.871263, 0.678745, 851
57.0667, 0.872646, 0.67323, 856
57.4, 0.873552, 0.66268, 861
57.7333, 0.874025, 0.656278, 866
58.0667, 0.869668, 0.644548, 871
58.4, 0.871428, 0.636966, 876
58.7333, 0.871055, 0.626194, 881
59.0667, 0.871984, 0.617069, 886
59.4, 0.873689, 0.60739, 891
59.7333, 0.874127, 0.598745, 896
60.0667, 0.87473, 0.588574, 901
60.4, 0.871136, 0.565037, 906
60.7333, 0.873041, 0.555674, 911
61.0667, 0.87493, 0.54647, 916
61.4, 0.874924, 0.536594, 921
61.7333, 0.878359, 0.522823, 926
62.0667, 0.874654, 0.512606, 931
62.4, 0.874133, 0.4847, 936
62.7333, 0.874616, 0.466946, 941
63.0667, 0.875043, 0.448733, 946
63.4, 0.875435, 0.429131, 951
63.7333, 0.871682, 0.411151, 956
64.0667, 0.873084, 0.389576, 961
64.4, 0.872798, 0.371682, 966
64.7333, 0.874292, 0.360778, 971
65.0667, 0.874176, 0.343762, 976
65.4, 0.869404, 0.341236, 981
65.7333, 0.870728, 0.321166, 986
66.0667, 0.872603, 0.30215, 991
66.4, 0.872954, 0.290942, 996
66.7333, 0.87386, 0.278617, 1001
67.0667, 0.868447, 0.284345, 1006
67.4, 0.868101, 0.28878, 1011
67.7333, 0.870082, 0.269583, 1016
68.0667, 0.871263, 0.256377, 1021
68.4, 0.871452, 0.243307, 1026
68.7333, 0.87179, 0.233046, 1031
69.0667, 0.868717, 0.249724, 1036
69.4, 0.870314, 0.229598, 1041
69.7333, 0.871598, 0.221437, 1046
70.0667, 0.872533, 0.215601, 1051
70.4, 0.873027, 0.20925, 1056
70.7333, 0.869079, 0.238356, 1061
71.0667, 0.872687, 0.221064, 1066
71.4, 0.875554, 0.210245, 1071
71.7333, 0.877121, 0.196363, 1076
72.0667, 0.877737, 0.187165, 1081
72.4, 0.871279, 0.228398, 1086
72.7333, 0.873695, 0.209829, 1091
73.0667, 0.874811, 0.203351, 1096
73.4, 0.877294, 0.20246, 1101
73.7333, 0.878383, 0.194907, 1106
74.0667, 0.872476, 0.228331, 1111
74.4, 0.871987, 0.199122, 1116
74.7333, 0.870785, 0.18172, 1121
75.0667, 0.871387, 0.175716, 1126
75.4, 0.870685, 0.173321, 1131
75.7333, 0.866777, 0.207942, 1136
76.0667, 0.868831, 0.190613, 1141
76.4, 0.86965, 0.182168, 1146
76.7333, 0.868415, 0.169422, 1151
77.0667, 0.868226, 0.163855, 1156
77.4, 0.859646, 0.196739, 1161
77.7333, 0.864926, 0.172951, 1166
78.0667, 0.868725, 0.161653, 1171
78.4, 0.869244, 0.153165, 1176
78.7333, 0.868534, 0.147926, 1181
79.0667, 0.867701, 0.190537, 1186
79.4, 0.86925, 0.175167, 1191
79.7333, 0.870004, 0.164263, 1196
80.0667, 0.871584, 0.152347, 1201
80.4, 0.870963, 0.150269, 1206
80.7333, 0.868066, 0.183944, 1211
81.0667, 0.86996, 0.166671, 1216
81.4, 0.871741, 0.15764, 1221
81.7333, 0.871849, 0.151355, 1226
82.0667, 0.87293, 0.152833, 1231
82.4, 0.868307, 0.179596, 1236
82.7333, 0.868871, 0.174337, 1241
83.0667, 0.870109, 0.171306, 1246
83.4, 0.87136, 0.169833, 1251
83.7333, 0.874073, 0.164953, 1256
84.0667, 0.871503, 0.200195, 1261
84.4, 0.874368, 0.184649, 1266
84.7333, 0.875759, 0.177791, 1271
85.0667, 0.878064, 0.179485, 1276
85.4, 0.878551, 0.176853, 1281
85.7333, 0.876194, 0.205124, 1286
86.0667, 0.878767, 0.198022, 1291
86.4, 0.879434, 0.191848, 1296
86.7333, 0.880842, 0.180039, 1301
87.0667, 0.881902, 0.172994, 1306
87.4, 0.87534, 0.194223, 1311
87.7333, 0.876916, 0.178869, 1316
88.0667, 0.878008, 0.173794, 1321
88.4, 0.877102, 0.164499, 1326
88.7333, 0.875278, 0.159089, 1331
89.0667, 0.870663, 0.203105, 1336
89.4, 0.868809, 0.177672, 1341
89.7333, 0.866891, 0.163134, 1346
90.0667, 0.870176, 0.16332, 1351
90.4, 0.871565, 0.163291, 1356
90.7333, 0.869571, 0.218078, 1361
91.0667, 0.87163, 0.195896, 1366
91.4, 0.873114, 0.186203, 1371
91.7333, 0.87229, 0.181001, 1376
92.0667, 0.871406, 0.1734, 1381
92.4, 0.869147, 0.206629, 1386
92.7333, 0.871266, 0.187341, 1391
93.0667, 0.874087, 0.174678, 1396
93.4, 0.875081, 0.165782, 1401
93.7333, 0.876813, 0.16305, 1406
94.0667, 0.872144, 0.198793, 1411
94.4, 0.872822, 0.177429, 1416
94.7333, 0.873165, 0.175364, 1421
95.0667, 0.87356, 0.185935, 1426
95.4, 0.875392, 0.209475, 1431
95.7333, 0.873422, 0.258771, 1436
96.0667, 0.876732, 0.27085, 1441
96.4, 0.878329, 0.306052, 1446
96.7333, 0.879726, 0.336785, 1451
97.0667, 0.880191, 0.368209, 1456
97.4, 0.874665, 0.414463, 1461
97.7333, 0.875848, 0.475456, 1466
98.0667, 0.878543, 0.57199, 1471
98.4, 0.881158, 0.617066, 1476
98.7333, 0.88696, 0.63442, 1481
99.0667, 0.881723, 0.676161, 1486
99.4, 0.885196, 0.691702, 1491
99.7333, 0.889003, 0.727361, 1496
100.067, 0.891427, 0.740715, 1501
100.4, 0.89187, 0.752351, 1506
100.733, 0.88953, 0.769064, 1511
101.067, 0.89731, 0.785102, 1516
101.4, 0.899723, 0.791736, 1521
101.733, 0.897288, 0.805796, 1526
102.067, 0.907884, 0.828462, 1531
102.4, 0.903936, 0.843322, 1536
102.733, 0.911929, 0.834604, 1541
103.067, 0.907946, 0.829594, 1546
103.4, 0.893559, 0.832667, 1551
103.733, 0.879626, 0.835045, 1556
104.067, 0.872246, 0.850772, 1561
104.4, 0.879669, 0.856871, 1566
104.733, 0.892024, 0.870641, 1571
105.067, 0.900371, 0.869798, 1576
105.4, 0.902847, 0.867512, 1581
105.733, 0.895097, 0.851896, 1586
106.067, 0.891903, 0.848167, 1591
106.4, 0.876197, 0.845167, 1596
106.733, 0.875203, 0.859938, 1601
107.067, 0.880161, 0.886203, 1606
107.4, 0.870139, 0.881888, 1611
107.733, 0.875527, 0.88368, 1616
108.067, 0.869839, 0.877159, 1621
108.4, 0.868309, 0.880521, 1626
108.733, 0.862672, 0.876416, 1631
109.067, 0.857327, 0.856514, 1636
109.4, 0.866831, 0.851899, 1641
109.733, 0.871133, 0.847167, 1646
110.067, 0.864061, 0.838185, 1651
110.4, 0.860519, 0.837669, 1656
110.733, 0.860051, 0.834502, 1661
111.067, 0.877694, 0.837696, 1666
111.4, 0.877778, 0.840484, 1671
111.733, 0.878399, 0.833629, 1676
112.067, 0.893962, 0.847656, 1681
112.4, 0.880818, 0.862148, 1686
112.733, 0.879213, 0.864237, 1691
113.067, 0.879242, 0.870225, 1696
113.4, 0.873579, 0.883898, 1701
113.733, 0.866247, 0.877954, 1706
114.067, 0.859924, 0.857879, 1711
114.4, 0.853044, 0.848361, 1716
114.733, 0.840663, 0.832302, 1721
115.067, 0.844597, 0.832637, 1726
115.4, 0.850242, 0.845492, 1731
115.733, 0.806385, 0.848872, 1736
116.067, 0.762941, 0.825868, 1741
116.4, 0.731203, 0.787358, 1746
116.733, 0.66749, 0.699157, 1751
117.067, 0.626121, 0.636576, 1756
117.4, 0.59504, 0.616096, 1761
117.733, 0.586558, 0.601188, 1766
118.067, 0.595981, 0.604549, 1771
118.4, 0.617682, 0.630702, 1776
118.733, 0.627802, 0.667571, 1781
119.067, 0.595043, 0.661221, 1786
119.4, 0.57496, 0.645013, 1791
119.733, 0.563881, 0.628648, 1796
120.067, 0.57236, 0.635209, 1801
120.4, 0.58237, 0.629213, 1806
120.733, 0.568926, 0.580789, 1811
121.067, 0.566586, 0.569288, 1816
121.4, 0.554504, 0.57158, 1821
121.733, 0.533905, 0.574352, 1826
122.067, 0.515492, 0.580667, 1831
122.4, 0.508898, 0.531081, 1836
122.733, 0.519907, 0.529136, 1841
123.067, 0.514073, 0.507237, 1846
123.4, 0.492593, 0.50177, 1851
123.733, 0.463531, 0.487202, 1856
124.067, 0.455562, 0.454167, 1861
124.4, 0.450511, 0.428412, 1866
124.733, 0.441318, 0.443056, 1871
125.067, 0.480263, 0.510033, 1876
125.4, 0.542385, 0.553658, 1881
125.733, 0.55686, 0.508345, 1886
126.067, 0.607114, 0.511566, 1891
126.4, 0.647023, 0.56297, 1896
126.733, 0.669619, 0.57306, 1901
127.067, 0.68383, 0.641386, 1906
127.4, 0.705094, 0.677494, 1911
127.733, 0.727244, 0.68727, 1916
128.067, 0.689189, 0.65256, 1921
128.4, 0.609033, 0.57874, 1926
128.733, 0.550824, 0.552177, 1931
129.067, 0.479674, 0.44598, 1936
129.4, 0.448295, 0.410113, 1941
129.733, 0.4375, 0.399663, 1946
130.067, 0.426124, 0.368285, 1951
130.4, 0.413572, 0.324503, 1956
130.733, 0.388538, 0.259698, 1961
131.067, 0.368674, 0.232287, 1966
131.4, 0.335372, 0.199647, 1971
131.733, 0.310608, 0.167266, 1976
132.067, 0.295033, 0.142727, 1981
132.4, 0.288337, 0.123503, 1986
132.733, 0.290617, 0.121117, 1991
133.067, 0.291441, 0.121211, 1996
133.4, 0.306117, 0.145637, 2001
133.733, 0.372057, 0.219597, 2006
134.067, 0.47161, 0.33745, 2011
134.4, 0.539609, 0.408189, 2016
134.733, 0.567805, 0.511314, 2021
135.067, 0.588958, 0.573258, 2026
135.4, 0.632993, 0.610119, 2031
135.733, 0.620433, 0.676986, 2036
136.067, 0.567605, 0.592019, 2041
136.4, 0.474207, 0.431325, 2046
136.733, 0.437419, 0.374422, 2051
137.067, 0.402684, 0.306896, 2056
137.4, 0.372195, 0.248484, 2061
137.733, 0.358449, 0.229944, 2066
138.067, 0.342646, 0.196169, 2071
138.4, 0.323879, 0.16027, 2076
138.733, 0.306063, 0.133609, 2081
139.067, 0.288034, 0.111991, 2086
139.4, 0.289218, 0.10686, 2091
139.733, 0.292466, 0.109703, 2096
140.067, 0.327184, 0.14745, 2101
140.4, 0.379243, 0.197501, 2106
140.733, 0.437797, 0.272069, 2111
141.067, 0.503899, 0.327397, 2116
141.4, 0.56714, 0.486273, 2121
141.733, 0.634566, 0.61732, 2126
142.067, 0.698031, 0.663653, 2131
142.4, 0.729274, 0.687246, 2136
142.733, 0.743061, 0.714166, 2141
143.067, 0.749789, 0.728179, 2146
143.4, 0.740126, 0.724391, 2151
143.733, 0.612105, 0.734595, 2156
144.067, 0.521621, 0.619063, 2161
144.4, 0.527411, 0.614164, 2166
144.733, 0.516251, 0.59611, 2171
145.067, 0.478631, 0.518586, 2176
145.4, 0.418152, 0.273934, 2181
145.733, 0.367853, 0.200314, 2186
146.067, 0.348253, 0.171787, 2191
146.4, 0.331159, 0.147574, 2196
146.733, 0.319318, 0.12553, 2201
147.067, 0.305877, 0.109278, 2206
147.4, 0.295303, 0.11237, 2211
147.733, 0.289558, 0.101228, 2216
148.067, 0.288102, 0.0981128, 2221
148.4, 0.289982, 0.0999557, 2226
148.733, 0.289966, 0.102393, 2231
149.067, 0.287361, 0.100164, 2236
149.4, 0.290831, 0.100115, 2241
149.733, 0.292201, 0.0988991, 2246
150.067, 0.293398, 0.0996422, 2251
150.4, 0.295614, 0.103631, 2256
150.733, 0.29256, 0.10409, 2261
151.067, 0.300756, 0.113167, 2266
151.4, 0.330364, 0.139854, 2271
151.733, 0.353841, 0.165569, 2276
152.067, 0.368009, 0.185668, 2281
152.4, 0.358, 0.212704, 2286
152.733, 0.356795, 0.203422, 2291
153.067, 0.343665, 0.197304, 2296
153.4, 0.351177, 0.189146, 2301
153.733, 0.358073, 0.183809, 2306
154.067, 0.357514, 0.176715, 2311
154.4, 0.359519, 0.172181, 2316
154.733, 0.350064, 0.159456, 2321
155.067, 0.337933, 0.144926, 2326
155.4, 0.32773, 0.140762, 2331
155.733, 0.310676, 0.120844, 2336
156.067, 0.304769, 0.110805, 2341
156.4, 0.303399, 0.113156, 2346
156.733, 0.309619, 0.114115, 2351
157.067, 0.308325, 0.108795, 2356
157.4, 0.298981, 0.111789, 2361
157.733, 0.31217, 0.122771, 2366
158.067, 0.312116, 0.121047, 2371
158.4, 0.305466, 0.116961, 2376
158.733, 0.297465, 0.116647, 2381
159.067, 0.32653, 0.139519, 2386
159.4, 0.376235, 0.173262, 2391
159.733, 0.421949, 0.259304, 2396
160.067, 0.407286, 0.314181, 2401
160.4, 0.380618, 0.320491, 2406
160.733, 0.355068, 0.260069, 2411
161.067, 0.339633, 0.16302, 2416
161.4, 0.327327, 0.120685, 2421
161.733, 0.30853, 0.0980614, 2426
162.067, 0.307382, 0.102823, 2431
162.4, 0.328481, 0.137109, 2436
162.733, 0.338901, 0.148015, 2441
163.067, 0.330105, 0.13773, 2446
163.4, 0.32129, 0.122152, 2451
163.733, 0.303523, 0.103482, 2456
164.067, 0.31417, 0.122463, 2461
164.4, 0.317113, 0.119731, 2466
164.733, 0.310987, 0.10386, 2471
165.067, 0.300886, 0.0853177, 2476
165.4, 0.305853, 0.0832775, 2481
165.733, 0.294844, 0.0908951, 2486
166.067, 0.295392, 0.0847475, 2491
166.4, 0.296268, 0.0851907, 2496
166.733, 0.294384, 0.0895494, 2501
167.067, 0.297605, 0.0913518, 2506
167.4, 0.314954, 0.106652, 2511
167.733, 0.343811, 0.126929, 2516
168.067, 0.352531, 0.144024, 2521
168.4, 0.360013, 0.166968, 2526
168.733, 0.364199, 0.186092, 2531
169.067, 0.352861, 0.164801, 2536
169.4, 0.338528, 0.145264, 2541
169.733, 0.335704, 0.134234, 2546
170.067, 0.339398, 0.132077, 2551
170.4, 0.340211, 0.118374, 2556
170.733, 0.325938, 0.118239, 2561
171.067, 0.316891, 0.103104, 2566
171.4, 0.299764, 0.0816832, 2571
171.733, 0.288404, 0.0705473, 2576
172.067, 0.283289, 0.0665696, 2581
172.4, 0.279181, 0.0666074, 2586
172.733, 0.280362, 0.0603544, 2591
173.067, 0.280895, 0.0576846, 2596
173.4, 0.281778, 0.0585872, 2601
173.733, 0.28227, 0.0582061, 2606
174.067, 0.279846, 0.0620325, 2611
174.4, 0.280862, 0.0605733, 2616
174.733, 0.281527, 0.0596978, 2621
175.067, 0.294003, 0.0719389, 2626
175.4, 0.316305, 0.0908519, 2631
175.733, 0.31741, 0.100096, 2636
176.067, 0.34494, 0.134736, 2641
176.4, 0.391708, 0.181971, 2646
176.733, 0.424327, 0.232984, 2651
177.067, 0.450065, 0.278809, 2656
177.4, 0.451438, 0.31885, 2661
177.733, 0.440583, 0.327727, 2666
178.067, 0.432609, 0.332075, 2671
178.4, 0.424789, 0.32596, 2676
178.733, 0.42066, 0.269897, 2681
179.067, 0.392246, 0.190048, 2686
179.4, 0.396091, 0.185989, 2691
179.733, 0.383118, 0.164869, 2696
180.067, 0.359332, 0.137773, 2701
180.4, 0.342119, 0.117623, 2706
180.733, 0.319907, 0.105882, 2711
181.067, 0.321801, 0.100699, 2716
181.4, 0.31978, 0.101945, 2721
181.733, 0.318869, 0.10406, 2726
182.067, 0.332907, 0.121903, 2731
182.4, 0.341989, 0.134931, 2736
182.733, 0.352628, 0.140832, 2741
183.067, 0.35189, 0.146894, 2746
183.4, 0.355163, 0.15924, 2751
183.733, 0.353542, 0.163991, 2756
184.067, 0.353347, 0.173108, 2761
184.4, 0.357879, 0.174781, 2766
184.733, 0.359705, 0.174908, 2771
185.067, 0.359295, 0.17701, 2776
185.4, 0.358576, 0.178737, 2781
185.733, 0.351626, 0.17371, 2786
186.067, 0.351331, 0.172124, 2791
186.4, 0.349121, 0.168952, 2796
186.733, 0.347491, 0.167741, 2801
187.067, 0.346486, 0.166701, 2806
187.4, 0.345278, 0.163401, 2811
187.733, 0.346254, 0.161332, 2816
188.067, 0.347037, 0.162818, 2821
188.4, 0.347891, 0.16559, 2826
188.733, 0.347921, 0.166023, 2831
189.067, 0.342689, 0.16585, 2836
189.4, 0.350148, 0.168768, 2841
189.733, 0.352015, 0.165304, 2846
190.067, 0.36474, 0.17774, 2851
190.4, 0.377391, 0.194461, 2856
190.733, 0.371703, 0.196158, 2861
191.067, 0.364526, 0.183366, 2866
191.4, 0.363575, 0.186168, 2871
191.733, 0.360094, 0.175208, 2876
192.067, 0.363432, 0.173821, 2881
192.4, 0.360581, 0.190594, 2886
192.733, 0.361078, 0.185109, 2891
193.067, 0.357798, 0.176534, 2896
193.4, 0.359995, 0.174224, 2901
193.733, 0.360089, 0.172794, 2906
194.067, 0.358911, 0.184303, 2911
194.4, 0.359913, 0.180018, 2916
194.733, 0.359422, 0.175486, 2921
195.067, 0.360397, 0.17721, 2926
195.4, 0.362113, 0.180396, 2931
195.733, 0.358219, 0.185654, 2936
196.067, 0.372795, 0.202041, 2941
196.4, 0.401879, 0.229987, 2946
196.733, 0.440024, 0.264068, 2951
197.067, 0.481192, 0.295543, 2956
197.4, 0.534532, 0.33862, 2961
197.733, 0.579051, 0.379929, 2966
198.067, 0.619914, 0.452805, 2971
198.4, 0.661213, 0.550648, 2976
198.733, 0.683122, 0.593749, 2981
199.067, 0.729598, 0.71125, 2986
199.4, 0.7495, 0.720065, 2991
199.733, 0.770491, 0.726001, 2996
200.067, 0.801367, 0.730357, 3001
200.4, 0.818021, 0.728112, 3006
200.733, 0.831129, 0.726653, 3011
201.067, 0.841336, 0.722186, 3016
201.4, 0.864407, 0.715392, 3021
201.733, 0.873106, 0.714939, 3026
202.067, 0.881802, 0.717138, 3031
202.4, 0.897769, 0.714033, 3036
202.733, 0.901209, 0.726031, 3041
203.067, 0.892567, 0.731668, 3046
203.4, 0.89735, 0.728739, 3051
203.733, 0.898477, 0.72679, 3056
204.067, 0.893729, 0.725385, 3061
204.4, 0.892837, 0.731933, 3066
204.733, 0.893645, 0.73113, 3071
205.067, 0.892746, 0.730817, 3076
205.4, 0.892075, 0.725639, 3081
205.733, 0.888279, 0.711047, 3086
206.067, 0.884604, 0.703405, 3091
206.4, 0.879891, 0.705521, 3096
206.733, 0.878532, 0.707307, 3101
207.067, 0.877451, 0.708383, 3106
207.4, 0.883272, 0.712007, 3111
207.733, 0.887673, 0.712731, 3116
208.067, 0.893389, 0.710947, 3121
208.4, 0.893735, 0.709396, 3126
208.733, 0.890735, 0.702565, 3131
209.067, 0.877029, 0.696709, 3136
209.4, 0.877889, 0.702062, 3141
209.733, 0.879191, 0.702865, 3146
210.067, 0.877594, 0.698404, 3151
210.4, 0.874976, 0.694426, 3156
210.733, 0.882434, 0.691097, 3161
211.067, 0.882418, 0.688489, 3166
211.4, 0.880694, 0.684301, 3171
211.733, 0.881318, 0.679582, 3176
212.067, 0.880704, 0.677175, 3181
212.4, 0.87319, 0.673429, 3186
212.733, 0.870879, 0.671678, 3191
213.067, 0.869447, 0.668879, 3196
213.4, 0.868639, 0.663042, 3201
213.733, 0.866907, 0.657043, 3206
214.067, 0.854817, 0.654833, 3211
214.4, 0.856333, 0.647023, 3216
214.733, 0.857006, 0.64194, 3221
215.067, 0.857587, 0.637641, 3226
215.4, 0.856114, 0.631564, 3231
215.733, 0.859643, 0.623227, 3236
216.067, 0.858614, 0.614118, 3241
216.4, 0.858673, 0.603585, 3246
216.733, 0.8586, 0.594735, 3251
217.067, 0.857889, 0.580989, 3256
217.4, 0.859176, 0.566599, 3261
217.733, 0.860619, 0.558103, 3266
218.067, 0.861078, 0.549121, 3271
218.4, 0.865013, 0.543522, 3276
218.733, 0.868428, 0.530219, 3281
219.067, 0.871776, 0.522869, 3286
219.4, 0.871736, 0.509852, 3291
219.733, 0.873633, 0.504397, 3296
220.067, 0.877581, 0.500776, 3301
220.4, 0.879956, 0.495868, 3306
220.733, 0.8775, 0.486173, 3311
221.067, 0.875608, 0.473415, 3316
221.4, 0.873503, 0.462169, 3321
221.733, 0.872217, 0.452846, 3326
222.067, 0.871879, 0.444634, 3331
222.4, 0.860924, 0.436346, 3336
222.733, 0.859432, 0.429599, 3341
223.067, 0.861516, 0.423462, 3346
223.4, 0.860994, 0.416082, 3351
223.733, 0.860978, 0.41008, 3356
224.067, 0.864078, 0.404798, 3361
224.4, 0.868771, 0.404681, 3366
224.733, 0.872554, 0.40607, 3371
225.067, 0.876592, 0.398082, 3376
225.4, 0.876721, 0.385685, 3381
225.733, 0.872595, 0.374492, 3386
226.067, 0.874089, 0.370679, 3391
226.4, 0.871525, 0.36468, 3396
226.733, 0.869017, 0.355536, 3401
227.067, 0.868801, 0.351599, 3406
227.4, 0.861643, 0.344616, 3411
227.733, 0.85994, 0.332002, 3416
228.067, 0.859765, 0.323039, 3421
228.4, 0.86117, 0.318107, 3426
228.733, 0.862464, 0.312949, 3431
229.067, 0.878621, 0.314959, 3436
229.4, 0.882766, 0.315451, 3441
229.733, 0.888076, 0.315891, 3446
230.067, 0.890373, 0.309203, 3451
230.4, 0.892605, 0.304626, 3456
230.733, 0.890886, 0.303448, 3461
231.067, 0.89307, 0.292449, 3466
231.4, 0.890838, 0.279071, 3471
231.733, 0.888179, 0.267843, 3476
232.067, 0.888598, 0.260985, 3481
232.4, 0.887347, 0.259436, 3486
232.733, 0.888481, 0.250878, 3491
233.067, 0.893208, 0.250292, 3496
233.4, 0.898185, 0.254491, 3501
233.733, 0.90089, 0.249068, 3506
234.067, 0.896837, 0.245971, 3511
234.4, 0.896221, 0.236213, 3516
234.733, 0.892367, 0.229039, 3521
235.067, 0.890365, 0.223861, 3526
235.4, 0.890187, 0.220956, 3531
235.733, 0.886884, 0.216498, 3536
236.067, 0.887244, 0.212085, 3541
236.4, 0.887598, 0.209623, 3546
236.733, 0.888714, 0.210437, 3551
237.067, 0.888598, 0.209918, 3556
237.4, 0.886825, 0.20921, 3561
237.733, 0.887795, 0.205327, 3566
238.067, 0.886395, 0.201995, 3571
238.4, 0.887192, 0.196353, 3576
238.733, 0.888281, 0.197052, 3581
239.067, 0.889365, 0.196634, 3586
239.4, 0.889622, 0.194683, 3591
239.733, 0.882231, 0.189862, 3596
240.067, 0.884304, 0.182341, 3601
240.4, 0.886101, 0.179931, 3606
240.733, 0.888419, 0.179809, 3611
241.067, 0.89104, 0.181525, 3616
241.4, 0.891478, 0.185992, 3621
241.733, 0.892605, 0.180915, 3626
242.067, 0.897958, 0.180007, 3631
242.4, 0.903727, 0.194431, 3636
242.733, 0.9072, 0.196017, 3641
243.067, 0.90202, 0.191307, 3646
243.4, 0.899644, 0.181163, 3651
243.733, 0.897577, 0.170117, 3656
244.067, 0.896515, 0.164336, 3661
244.4, 0.895694, 0.159821, 3666
244.733, 0.891189, 0.163031, 3671
245.067, 0.893437, 0.157775, 3676
245.4, 0.893613, 0.158886, 3681
245.733, 0.894132, 0.159435, 3686
246.067, 0.893937, 0.158246, 3691
246.4, 0.888987, 0.159108, 3696
246.733, 0.889495, 0.171197, 3701
247.067, 0.888644, 0.172305, 3706
247.4, 0.888887, 0.174013, 3711
247.733, 0.888846, 0.17414, 3716
248.067, 0.885339, 0.181496, 3721
248.4, 0.88579, 0.176515, 3726
248.733, 0.885849, 0.173948, 3731
249.067, 0.886366, 0.174748, 3736
249.4, 0.887001, 0.174783, 3741
249.733, 0.882755, 0.177553, 3746
250.067, 0.883974, 0.177645, 3751
250.4, 0.883871, 0.172292, 3756
250.733, 0.883712, 0.170865, 3761
251.067, 0.882201, 0.169392, 3766
251.4, 0.873544, 0.178212, 3771
251.733, 0.876203, 0.17327, 3776
252.067, 0.879307, 0.167993, 3781
252.4, 0.880558, 0.168628, 3786
252.733, 0.881237, 0.169327, 3791
253.067, 0.880126, 0.189019, 3796
253.4, 0.881266, 0.188254, 3801
253.733, 0.885066, 0.19598, 3806
254.067, 0.893083, 0.200011, 3811
254.4, 0.900209, 0.202814, 3816
254.733, 0.903495, 0.27252, 3821
255.067, 0.903698, 0.258334, 3826
255.4, 0.902355, 0.256523, 3831
255.733, 0.902079, 0.252221, 3836
256.067, 0.902565, 0.25124, 3841
256.4, 0.898899, 0.277511, 3846
256.733, 0.900469, 0.259423, 3851
257.067, 0.901439, 0.256326, 3856
257.4, 0.902322, 0.257107, 3861
257.733, 0.902976, 0.259874, 3866
258.067, 0.902706, 0.285775, 3871
258.4, 0.903482, 0.268032, 3876
258.733, 0.904814, 0.263038, 3881
259.067, 0.905408, 0.262873, 3886
259.4, 0.905778, 0.262803, 3891
259.733, 0.905241, 0.283762, 3896
260.067, 0.904127, 0.277741, 3901
260.4, 0.90607, 0.270753, 3906
260.733, 0.906227, 0.266527, 3911
261.067, 0.906138, 0.265287, 3916
261.4, 0.901885, 0.274342, 3921
261.733, 0.90259, 0.261228, 3926
262.067, 0.903003, 0.257472, 3931
262.4, 0.903838, 0.254837, 3936
262.733, 0.90476, 0.256269, 3941
263.067, 0.904873, 0.272818, 3946
263.4, 0.905214, 0.259655, 3951
263.733, 0.906519, 0.25368, 3956
264.067, 0.906392, 0.25701, 3961
264.4, 0.9065, 0.252329, 3966
264.733, 0.90279, 0.27258, 3971
265.067, 0.903649, 0.257685, 3976
265.4, 0.904625, 0.253799, 3981
265.733, 0.90203, 0.250243, 3986
266.067, 0.905319, 0.243412, 3991
266.4, 0.905373, 0.252292, 3996
266.733, 0.906032, 0.240258, 4001
267.067, 0.905557, 0.241412, 4006
267.4, 0.905616, 0.233065, 4011
267.733, 0.905995, 0.231846, 4016
268.067, 0.903655, 0.250967, 4021
268.4, 0.904362, 0.245409, 4026
268.733, 0.904149, 0.234292, 4031
269.067, 0.90513, 0.230479, 4036
269.4, 0.906003, 0.227493, 4041
269.733, 0.904233, 0.242347, 4046
270.067, 0.903263, 0.222502, 4051
270.4, 0.904063, 0.212985, 4056
270.733, 0.903844, 0.212104, 4061
271.067, 0.905033, 0.212723, 4066
271.4, 0.905757, 0.232084, 4071
271.733, 0.90657, 0.219086, 4076
272.067, 0.907054, 0.208305, 4081
272.4, 0.907457, 0.2022, 4086
272.733, 0.907508, 0.197212, 4091
273.067, 0.905238, 0.221062, 4096
273.4, 0.905046, 0.206245, 4101
273.733, 0.905678, 0.209477, 4106
274.067, 0.905957, 0.211709, 4111
274.4, 0.906343, 0.223072, 4116
274.733, 0.904025, 0.256026, 4121
275.067, 0.902649, 0.244587, 4126
275.4, 0.901901, 0.25047, 4131
275.733, 0.900742, 0.298419, 4136
276.067, 0.901112, 0.323431, 4141
276.4, 0.901063, 0.357857, 4146
276.733, 0.904244, 0.368804, 4151
277.067, 0.905868, 0.383631, 4156
277.4, 0.908451, 0.399093, 4161
277.733, 0.911218, 0.417076, 4166
278.067, 0.910034, 0.443526, 4171
278.4, 0.909667, 0.472932, 4176
278.733, 0.908991, 0.510663, 4181
279.067, 0.911826, 0.533573, 4186
279.4, 0.909883, 0.553761, 4191
279.733, 0.911499, 0.574244, 4196
280.067, 0.921608, 0.590946, 4201
280.4, 0.92146, 0.620306, 4206
280.733, 0.924564, 0.654246, 4211
281.067, 0.927021, 0.679834, 4216
281.4, 0.926761, 0.708418, 4221
281.733, 0.932423, 0.726245, 4226
282.067, 0.928315, 0.734154, 4231
282.4, 0.931196, 0.754059, 4236
282.733, 0.927153, 0.758566, 4241
283.067, 0.914942, 0.777233, 4246
283.4, 0.900031, 0.805807, 4251
283.733, 0.879264, 0.832178, 4256
284.067, 0.872492, 0.838817, 4261
284.4, 0.875251, 0.845397, 4266
284.733, 0.884034, 0.851872, 4271
285.067, 0.901822, 0.868466, 4276
285.4, 0.907627, 0.874014, 4281
285.733, 0.915571, 0.866655, 4286
286.067, 0.917479, 0.856919, 4291
286.4, 0.899625, 0.854349, 4296
286.733, 0.895134, 0.855871, 4301
287.067, 0.889522, 0.839671, 4306
287.4, 0.891313, 0.825444, 4311
287.733, 0.896564, 0.819761, 4316
288.067, 0.884471, 0.804664, 4321
288.4, 0.873238, 0.791431, 4326
288.733, 0.863405, 0.77158, 4331
289.067, 0.858635, 0.796803, 4336
289.4, 0.852915, 0.812835, 4341
289.733, 0.842792, 0.83227, 4346
290.067, 0.839182, 0.83168, 4351
290.4, 0.834777, 0.844189, 4356
290.733, 0.830159, 0.822431, 4361
291.067, 0.829232, 0.81667, 4366
291.4, 0.808811, 0.81277, 4371
291.733, 0.804931, 0.806042, 4376
292.067, 0.79062, 0.801232, 4381
292.4, 0.785859, 0.793865, 4386
292.733, 0.777809, 0.778352, 4391
293.067, 0.738761, 0.713868, 4396
293.4, 0.724275, 0.691516, 4401
293.733, 0.69832, 0.656224, 4406
294.067, 0.657619, 0.595583, 4411
294.4, 0.660761, 0.609041, 4416
294.733, 0.71522, 0.700908, 4421
295.067, 0.740083, 0.740288, 4426
295.4, 0.741688, 0.744485, 4431
295.733, 0.738045, 0.745795, 4436
296.067, 0.739026, 0.733568, 4441
296.4, 0.727304, 0.736535, 4446
296.733, 0.732965, 0.745582, 4451
297.067, 0.725845, 0.751711, 4456
297.4, 0.725834, 0.756207, 4461
297.733, 0.74108, 0.751311, 4466
298.067, 0.738694, 0.738129, 4471
298.4, 0.744409, 0.728731, 4476
298.733, 0.727428, 0.72972, 4481
299.067, 0.718743, 0.726001, 4486
299.4, 0.720448, 0.709937, 4491
299.733, 0.700144, 0.673208, 4496
300.067, 0.707869, 0.677083, 4501
300.4, 0.73179, 0.696828, 4506
300.733, 0.775963, 0.750649, 4511
301.067, 0.823406, 0.751827, 4516
301.4, 0.83455, 0.74405, 4521
301.733, 0.839925, 0.760839, 4526
302.067, 0.859843, 0.775723, 4531
302.4, 0.871871, 0.771042, 4536
302.733, 0.875665, 0.769035, 4541
303.067, 0.866831, 0.758788, 4546
303.4, 0.871425, 0.751851, 4551
303.733, 0.871644, 0.740507, 4556
304.067, 0.839717, 0.741899, 4561
304.4, 0.807998, 0.742734, 4566
304.733, 0.771794, 0.762725, 4571
305.067, 0.763082, 0.777811, 4576
305.4, 0.758412, 0.770056, 4581
305.733, 0.741999, 0.754569, 4586
306.067, 0.720235, 0.737808, 4591
306.4, 0.724272, 0.725515, 4596
306.733, 0.716671, 0.73042, 4601
307.067, 0.713763, 0.728698, 4606
307.4, 0.721459, 0.727061, 4611
307.733, 0.737186, 0.716692, 4616
308.067, 0.752108, 0.718827, 4621
308.4, 0.737616, 0.721454, 4626
308.733, 0.717089, 0.717127, 4631
309.067, 0.713741, 0.694807, 4636
309.4, 0.745195, 0.68115, 4641
309.733, 0.743682, 0.688865, 4646
310.067, 0.751003, 0.691813, 4651
310.4, 0.762047, 0.696215, 4656
310.733, 0.748873, 0.69151, 4661
311.067, 0.735927, 0.675829, 4666
311.4, 0.718451, 0.679936, 4671
311.733, 0.690186, 0.679747, 4676
312.067, 0.62383, 0.656519, 4681
312.4, 0.603082, 0.634677, 4686
312.733, 0.600483, 0.610562, 4691
313.067, 0.590798, 0.518146, 4696
313.4, 0.606292, 0.504818, 4701
313.733, 0.626157, 0.535648, 4706
314.067, 0.634161, 0.560338, 4711
314.4, 0.663442, 0.594019, 4716
314.733, 0.686557, 0.608424, 4721
315.067, 0.705797, 0.63485, 4726
315.4, 0.721813, 0.643656, 4731
315.733, 0.722678, 0.642192, 4736
316.067, 0.698766, 0.626975, 4741
316.4, 0.624065, 0.587366, 4746
316.733, 0.561719, 0.51186, 4751
317.067, 0.494517, 0.406881, 4756
317.4, 0.447895, 0.303774, 4761
317.733, 0.417676, 0.248233, 4766
318.067, 0.396377, 0.216222, 4771
318.4, 0.390973, 0.19558, 4776
318.733, 0.366945, 0.1555, 4781
319.067, 0.350161, 0.126305, 4786
319.4, 0.327873, 0.096559, 4791
319.733, 0.299972, 0.0760112, 4796
320.067, 0.289877, 0.0619163, 4801
320.4, 0.287753, 0.0574901, 4806
320.733, 0.288318, 0.0597437, 4811
321.067, 0.287521, 0.0625594, 4816
321.4, 0.283646, 0.0697744, 4821
321.733, 0.285575, 0.0700014, 4826
322.067, 0.28581, 0.0697015, 4831
322.4, 0.284975, 0.0769813, 4836
322.733, 0.285032, 0.0765273, 4841
323.067, 0.285715, 0.0777298, 4846
323.4, 0.286518, 0.0773191, 4851
323.733, 0.287245, 0.0799754, 4856
324.067, 0.284083, 0.0797349, 4861
324.4, 0.284027, 0.0790782, 4866
324.733, 0.284962, 0.0786675, 4871
325.067, 0.285729, 0.0781459, 4876
325.4, 0.286334, 0.078835, 4881
325.733, 0.282959, 0.0691961, 4886
326.067, 0.284424, 0.0714228, 4891
326.4, 0.287304, 0.0731765, 4896
326.733, 0.300264, 0.0870255, 4901
327.067, 0.311395, 0.0962779, 4906
327.4, 0.309001, 0.0938432, 4911
327.733, 0.309344, 0.0924029, 4916
328.067, 0.336712, 0.107017, 4921
328.4, 0.342552, 0.115234, 4926
328.733, 0.354998, 0.137109, 4931
329.067, 0.372654, 0.14645, 4936
329.4, 0.384723, 0.18409, 4941
329.733, 0.397204, 0.223626, 4946
330.067, 0.396231, 0.233203, 4951
330.4, 0.387398, 0.198217, 4956
330.733, 0.361651, 0.128397, 4961
331.067, 0.346826, 0.1108, 4966
331.4, 0.355093, 0.116161, 4971
331.733, 0.3773, 0.13265, 4976
332.067, 0.371676, 0.138733, 4981
332.4, 0.353823, 0.145656, 4986
332.733, 0.346413, 0.149447, 4991
333.067, 0.344365, 0.143543, 4996
333.4, 0.342154, 0.130056, 5001
333.733, 0.347718, 0.132177, 5006
334.067, 0.354466, 0.140408, 5011
334.4, 0.340763, 0.112718, 5016
334.733, 0.327376, 0.0893872, 5021
335.067, 0.31293, 0.069569, 5026
335.4, 0.300248, 0.0625513, 5031
335.733, 0.293447, 0.0599329, 5036
336.067, 0.291571, 0.0604544, 5041
336.4, 0.310746, 0.0874795, 5046
336.733, 0.371552, 0.144037, 5051
337.067, 0.453559, 0.21523, 5056
337.4, 0.51196, 0.287253, 5061
337.733, 0.561295, 0.346567, 5066
338.067, 0.5778, 0.390565, 5071
338.4, 0.590447, 0.437135, 5076
338.733, 0.599777, 0.47258, 5081
339.067, 0.556063, 0.41695, 5086
339.4, 0.477074, 0.362859, 5091
339.733, 0.413326, 0.309176, 5096
340.067, 0.394997, 0.263281, 5101
340.4, 0.371922, 0.217308, 5106
340.733, 0.350934, 0.180869, 5111
341.067, 0.337796, 0.130686, 5116
341.4, 0.31657, 0.0812265, 5121
341.733, 0.294925, 0.0547311, 5126
342.067, 0.292379, 0.0609949, 5131
342.4, 0.295687, 0.069288, 5136
342.733, 0.290669, 0.0612164, 5141
343.067, 0.283027, 0.0527341, 5146
343.4, 0.279076, 0.0461326, 5151
343.733, 0.279733, 0.045076, 5156
344.067, 0.27683, 0.0446058, 5161
344.4, 0.277822, 0.041836, 5166
344.733, 0.278263, 0.0392689, 5171
345.067, 0.279057, 0.0406416, 5176
345.4, 0.279538, 0.0403065, 5181
345.733, 0.277738, 0.0426737, 5186
346.067, 0.278257, 0.0409172, 5191
346.4, 0.277701, 0.0433817, 5196
346.733, 0.278484, 0.0424737, 5201
347.067, 0.279319, 0.0417576, 5206
347.4, 0.279595, 0.0424386, 5211
347.733, 0.280062, 0.0420008, 5216
348.067, 0.277106, 0.0441978, 5221
348.4, 0.278179, 0.0391094, 5226
348.733, 0.278933, 0.0399093, 5231
349.067, 0.279311, 0.0399931, 5236
349.4, 0.279633, 0.0399553, 5241
349.733, 0.277022, 0.0395418, 5246
350.067, 0.277963, 0.037607, 5251
350.4, 0.2793, 0.037253, 5256
350.733, 0.305209, 0.0617785, 5261
351.067, 0.325495, 0.0781432, 5266
351.4, 0.340079, 0.0944485, 5271
351.733, 0.339644, 0.106449, 5276
352.067, 0.341273, 0.114421, 5281
352.4, 0.352099, 0.134652, 5286
352.733, 0.395275, 0.18302, 5291
353.067, 0.441162, 0.240269, 5296
353.4, 0.498319, 0.298813, 5301
353.733, 0.556728, 0.366431, 5306
354.067, 0.575098, 0.390584, 5311
354.4, 0.561046, 0.394116, 5316
354.733, 0.540598, 0.406954, 5321
355.067, 0.525966, 0.3901, 5326
355.4, 0.500973, 0.393167, 5331
355.733, 0.482649, 0.41452, 5336
356.067, 0.483619, 0.422208, 5341
356.4, 0.472213, 0.41014, 5346
356.733, 0.471135, 0.40363, 5351
357.067, 0.474891, 0.420627, 5356
357.4, 0.496201, 0.436133, 5361
357.733, 0.4999, 0.369042, 5366
358.067, 0.469827, 0.314275, 5371
358.4, 0.455805, 0.311849, 5376
358.733, 0.454619, 0.317856, 5381
359.067, 0.465611, 0.331526, 5386
359.4, 0.482546, 0.355779, 5391
359.733, 0.493209, 0.376865, 5396
360.067, 0.499162, 0.371665, 5401
360.4, 0.496987, 0.361516, 5406
360.733, 0.486543, 0.338077, 5411
361.067, 0.476023, 0.328184, 5416
361.4, 0.482457, 0.329208, 5421
361.733, 0.499638, 0.343208, 5426
362.067, 0.521602, 0.370571, 5431
362.4, 0.548019, 0.41151, 5436
362.733, 0.578638, 0.445717, 5441
363.067, 0.596567, 0.484884, 5446
363.4, 0.622298, 0.489502, 5451
363.733, 0.631475, 0.493298, 5456
364.067, 0.63679, 0.500819, 5461
364.4, 0.641492, 0.520599, 5466
364.733, 0.636082, 0.532286, 5471
365.067, 0.635123, 0.539726, 5476
365.4, 0.651387, 0.559228, 5481
365.733, 0.673781, 0.573728, 5486
366.067, 0.690494, 0.589922, 5491
366.4, 0.71085, 0.602882, 5496
366.733, 0.747438, 0.614815, 5501
367.067, 0.792233, 0.653003, 5506
367.4, 0.812938, 0.687768, 5511
367.733, 0.815672, 0.688067, 5516
368.067, 0.814651, 0.698606, 5521
368.4, 0.8143, 0.691083, 5526
368.733, 0.820563, 0.691116, 5531
369.067, 0.827454, 0.691942, 5536
369.4, 0.828016, 0.697763, 5541
369.733, 0.827754, 0.696388, 5546
370.067, 0.827706, 0.698231, 5551
370.4, 0.830843, 0.69926, 5556
370.733, 0.831975, 0.707199, 5561
371.067, 0.832745, 0.713277, 5566
371.4, 0.8287, 0.719754, 5571
371.733, 0.830789, 0.727604, 5576
372.067, 0.832902, 0.732776, 5581
372.4, 0.831456, 0.738326, 5586
372.733, 0.835604, 0.747603, 5591
373.067, 0.848648, 0.750278, 5596
373.4, 0.851004, 0.7496, 5601
373.733, 0.852285, 0.748625, 5606
374.067, 0.854955, 0.751686, 5611
374.4, 0.857806, 0.751954, 5616
374.733, 0.853158, 0.745476, 5621
375.067, 0.855503, 0.742158, 5626
375.4, 0.852628, 0.737408, 5631
375.733, 0.855136, 0.735773, 5636
376.067, 0.863451, 0.737381, 5641
376.4, 0.860478, 0.746938, 5646
376.733, 0.861189, 0.749195, 5651
377.067, 0.852834, 0.747519, 5656
377.4, 0.851434, 0.746674, 5661
377.733, 0.852072, 0.744487, 5666
378.067, 0.843697, 0.747106, 5671
378.4, 0.846137, 0.745512, 5676
378.733, 0.847205, 0.743342, 5681
379.067, 0.84781, 0.74339, 5686
379.4, 0.84834, 0.739748, 5691
379.733, 0.842811, 0.729663, 5696
380.067, 0.840898, 0.72936, 5701
380.4, 0.837682, 0.731441, 5706
380.733, 0.834715, 0.73731, 5711
381.067, 0.832505, 0.740561, 5716
381.4, 0.827222, 0.756823, 5721
381.733, 0.828246, 0.75508, 5726
382.067, 0.828816, 0.754421, 5731
382.4, 0.829146, 0.751648, 5736
